filename	read_id	run_id	batch_id	channel	mux	start_time	duration	num_events	passes_filtering	template_start	num_events_template	template_duration	sequence_length_template	mean_qscore_template	strand_score_template	median_template	mad_template	scaling_median_template	scaling_mad_template
afbfa212-2c1b-40e2-81f4-c0a86079c8d0.fast5	afbfa212-2c1b-40e2-81f4-c0a86079c8d0	82dc462fc1d07e69c1507ae16e46fb64f9ab6005	0	341	4	43522.423500	11.788750	23577	TRUE	43522.551000	23322	11.661250	4462	11.860139	0.000000	68.911644	8.269397	67.105652	9.066240
e8a09ee2-058d-4873-ab04-99eb3190de3f.fast5	e8a09ee2-058d-4873-ab04-99eb3190de3f	82dc462fc1d07e69c1507ae16e46fb64f9ab6005	0	397	4	48480.479000	23.919750	47839	TRUE	48480.501500	47794	23.897250	8867	9.703918	0.000000	66.155174	9.647630	69.289581	9.331618
7dc5727e-9716-4b04-a190-dca3a04e9af8.fast5	7dc5727e-9716-4b04-a190-dca3a04e9af8	82dc462fc1d07e69c1507ae16e46fb64f9ab6005	0	166	2	4033.311000	11.317750	22635	TRUE	4033.391500	22474	11.237250	4276	11.920753	0.000000	71.151268	8.613955	70.399803	9.321323
aa7863a8-f635-498d-a4fd-e531bbfa6e58.fast5	aa7863a8-f635-498d-a4fd-e531bbfa6e58	82dc462fc1d07e69c1507ae16e46fb64f9ab6005	0	502	2	9657.162000	13.579000	27158	TRUE	9657.238500	27005	13.502500	4488	11.132558	0.000000	67.705688	9.992188	71.070129	9.743802
4be7efb1-398e-43a2-842e-bac0bd053b41.fast5	4be7efb1-398e-43a2-842e-bac0bd053b41	82dc462fc1d07e69c1507ae16e46fb64f9ab6005	0	295	4	28358.316500	11.769750	23539	TRUE	28358.430500	23311	11.655750	4482	12.118891	0.000000	64.260109	9.819909	66.139351	8.952219
a63167dc-d481-4247-b264-a1f6a3827080.fast5	a63167dc-d481-4247-b264-a1f6a3827080	82dc462fc1d07e69c1507ae16e46fb64f9ab6005	0	366	3	124704.181500	22.962500	45925	TRUE	124704.257500	45773	22.886500	8168	9.098641	0.000000	70.978989	9.819909	69.855675	9.473963
387e3e1d-cfd7-4f28-935e-0c40cc567a2b.fast5	387e3e1d-cfd7-4f28-935e-0c40cc567a2b	82dc462fc1d07e69c1507ae16e46fb64f9ab6005	0	480	3	15479.151250	26.401500	52803	TRUE	15479.274250	52557	26.278500	8808	11.860517	0.000000	68.911644	8.269397	68.632324	9.148705
c145c07a-39cb-425c-8a54-7a13dfa1233a.fast5	c145c07a-39cb-425c-8a54-7a13dfa1233a	82dc462fc1d07e69c1507ae16e46fb64f9ab6005	0	41	4	59517.947000	15.104000	30208	TRUE	59518.045500	30011	15.005500	4532	12.229103	0.000000	67.877968	10.164467	70.276176	9.198164
a2f83504-449e-45ec-b035-a34c9cfabec3.fast5	a2f83504-449e-45ec-b035-a34c9cfabec3	82dc462fc1d07e69c1507ae16e46fb64f9ab6005	0	292	3	71978.011250	15.859250	31718	TRUE	71978.058250	31624	15.812250	4612	12.318451	0.000000	73.907738	11.025863	76.340210	10.136674
aa5fe8a4-2606-4f21-b540-e4c6460e5072.fast5	aa5fe8a4-2606-4f21-b540-e4c6460e5072	82dc462fc1d07e69c1507ae16e46fb64f9ab6005	0	112	1	50119.466250	11.877250	23754	TRUE	50119.500750	23685	11.842750	4317	11.384869	0.000000	74.080017	8.613955	72.582664	9.527098
99148061-0834-4aa6-9594-b636ff2622d4.fast5	99148061-0834-4aa6-9594-b636ff2622d4	82dc462fc1d07e69c1507ae16e46fb64f9ab6005	0	465	1	122822.566500	13.846750	27693	TRUE	122822.720000	27386	13.693250	4510	10.138007	0.000000	63.398712	9.647630	66.413223	8.955739
bb20f2e0-52a9-4265-9de7-3c0240fa4944.fast5	bb20f2e0-52a9-4265-9de7-3c0240fa4944	82dc462fc1d07e69c1507ae16e46fb64f9ab6005	0	256	4	11307.890500	24.494500	48989	TRUE	11307.916000	48938	24.469000	9118	9.435912	0.000000	65.810616	8.786234	66.534370	9.084994
e470b4c9-72d8-4306-a873-297f98015001.fast5	e470b4c9-72d8-4306-a873-297f98015001	82dc462fc1d07e69c1507ae16e46fb64f9ab6005	0	490	4	10874.196250	11.634750	23269	TRUE	10874.317750	23026	11.513250	4337	13.021194	0.000000	73.046341	8.613955	72.111221	9.807404
bac2d5bf-13ef-4b31-9dc5-0399519a1645.fast5	bac2d5bf-13ef-4b31-9dc5-0399519a1645	82dc462fc1d07e69c1507ae16e46fb64f9ab6005	0	312	4	13573.322750	57.660750	115321	TRUE	13573.519250	114928	57.464250	19359	10.039698	0.000000	69.773041	9.647630	68.770172	8.849283
d3d661c1-a744-4a63-ad2e-d30f9c79d08d.fast5	d3d661c1-a744-4a63-ad2e-d30f9c79d08d	82dc462fc1d07e69c1507ae16e46fb64f9ab6005	0	241	3	28608.093750	11.739500	23479	TRUE	28608.578750	22509	11.254500	4289	10.147367	0.000000	71.151268	10.681305	72.217651	9.741172
a9894e69-e1c5-46e2-84fa-ca91399136bc.fast5	a9894e69-e1c5-46e2-84fa-ca91399136bc	82dc462fc1d07e69c1507ae16e46fb64f9ab6005	0	140	4	34783.063500	11.677000	23354	TRUE	34783.224500	23032	11.516000	4361	12.698829	0.000000	73.563179	8.441676	72.120094	9.422992
75edfe80-6c7a-4624-95f8-9f52e3c4439d.fast5	75edfe80-6c7a-4624-95f8-9f52e3c4439d	82dc462fc1d07e69c1507ae16e46fb64f9ab6005	0	319	1	125686.958000	12.804500	25609	TRUE	125687.018000	25489	12.744500	4358	11.275898	0.000000	85.794991	11.370420	87.281593	11.281493
790c08bd-684d-4e06-8757-c39f2395351b.fast5	790c08bd-684d-4e06-8757-c39f2395351b	82dc462fc1d07e69c1507ae16e46fb64f9ab6005	0	131	4	58307.470500	12.328500	24657	TRUE	58307.567500	24463	12.231500	4400	12.569349	0.000000	79.076111	9.130793	77.212654	10.031262
5bb17f73-10b7-4920-a407-d15ad33f98ea.fast5	5bb17f73-10b7-4920-a407-d15ad33f98ea	82dc462fc1d07e69c1507ae16e46fb64f9ab6005	0	219	4	464.942500	11.064000	22128	TRUE	465.070000	21873	10.936500	4414	12.446606	0.000000	83.383087	9.130793	81.098404	10.248206
5c4c9048-257b-458f-af31-ec885dfe6d46.fast5	5c4c9048-257b-458f-af31-ec885dfe6d46	82dc462fc1d07e69c1507ae16e46fb64f9ab6005	0	32	1	49853.091500	69.770000	139540	TRUE	49853.130500	139462	69.731000	23410	11.083100	0.000000	75.113693	10.509026	76.298508	9.665373
8e717764-9e77-46d8-80cb-efbd8938cf1b.fast5	8e717764-9e77-46d8-80cb-efbd8938cf1b	82dc462fc1d07e69c1507ae16e46fb64f9ab6005	0	246	3	47102.560750	23.702000	47404	TRUE	47102.692250	47141	23.570500	9013	11.444076	0.000000	71.495827	9.475350	71.714958	9.751676
f3a63161-dbd1-4989-83ee-361e50a5d93a.fast5	f3a63161-dbd1-4989-83ee-361e50a5d93a	82dc462fc1d07e69c1507ae16e46fb64f9ab6005	0	349	3	38689.424250	11.724500	23449	TRUE	38689.545250	23207	11.603500	4396	13.381515	0.000000	68.394806	10.164467	70.440834	9.809468
a694dc63-a960-4c7b-84a6-6904c6e46f30.fast5	a694dc63-a960-4c7b-84a6-6904c6e46f30	82dc462fc1d07e69c1507ae16e46fb64f9ab6005	0	155	4	54444.223750	21.664000	43328	TRUE	54444.432250	42911	21.455500	4448	12.119483	0.000000	76.491920	9.130793	74.885757	9.659096
ef38af56-6f45-4dd0-a9ed-d77b27234adb.fast5	ef38af56-6f45-4dd0-a9ed-d77b27234adb	82dc462fc1d07e69c1507ae16e46fb64f9ab6005	0	254	3	64315.963500	14.828250	29656	TRUE	64316.126500	29330	14.665250	4589	11.586743	0.000000	70.978989	8.269397	69.597137	9.730868
ebf34f79-5f86-4566-a891-88648fcb4b19.fast5	ebf34f79-5f86-4566-a891-88648fcb4b19	82dc462fc1d07e69c1507ae16e46fb64f9ab6005	0	97	4	112643.282250	13.012500	26025	TRUE	112643.303250	25983	12.991500	4403	12.043664	0.000000	83.210808	9.303072	83.050301	10.623723
8e0d982c-dcdd-4603-a208-9cb4dc0c8697.fast5	8e0d982c-dcdd-4603-a208-9cb4dc0c8697	82dc462fc1d07e69c1507ae16e46fb64f9ab6005	0	170	1	68829.814750	15.574750	31149	TRUE	68829.852250	31074	15.537250	4448	11.424161	0.000000	71.495827	10.681305	74.544029	9.691298
52d6a7bf-f4ad-4689-ae17-273c92853b93.fast5	52d6a7bf-f4ad-4689-ae17-273c92853b93	82dc462fc1d07e69c1507ae16e46fb64f9ab6005	0	35	1	57051.101500	27.427750	54855	TRUE	57051.159000	54740	27.370250	8990	12.085528	0.000000	69.428482	8.441676	68.982468	9.086770
e23f94d6-308c-4bec-a9f7-4f5e7a044081.fast5	e23f94d6-308c-4bec-a9f7-4f5e7a044081	82dc462fc1d07e69c1507ae16e46fb64f9ab6005	0	18	3	21529.776250	34.559000	69118	TRUE	21529.818750	69033	34.516500	8652	12.892625	0.000000	69.945320	10.681305	72.178650	9.479011
2bba0650-33a6-4e33-a39e-a75fa6345032.fast5	2bba0650-33a6-4e33-a39e-a75fa6345032	82dc462fc1d07e69c1507ae16e46fb64f9ab6005	0	325	1	37072.237750	23.014500	46029	TRUE	37072.454750	45595	22.797500	8745	9.759172	0.000000	69.083923	9.130793	68.541862	9.098104
ce4b5e25-7bb6-4047-aeac-ad1d8205cccb.fast5	ce4b5e25-7bb6-4047-aeac-ad1d8205cccb	82dc462fc1d07e69c1507ae16e46fb64f9ab6005	0	292	4	68284.742750	27.711000	55422	TRUE	68284.788750	55330	27.665000	8879	8.676888	0.000000	75.630524	9.819909	75.433090	9.485203
b58c8136-cf59-4e3e-b119-99c2e2a9048f.fast5	b58c8136-cf59-4e3e-b119-99c2e2a9048f	82dc462fc1d07e69c1507ae16e46fb64f9ab6005	0	10	2	16355.770250	30.106500	60213	TRUE	16355.918250	59917	29.958500	9041	10.772585	0.000000	61.331360	9.475350	64.499962	8.796891
114dba1d-b5ac-45b7-92f0-5581dbf38219.fast5	114dba1d-b5ac-45b7-92f0-5581dbf38219	82dc462fc1d07e69c1507ae16e46fb64f9ab6005	0	133	2	2076.990750	11.235750	22471	TRUE	2077.323750	21805	10.902750	4309	11.123587	0.000000	67.705688	9.992188	70.171333	9.572028
0098b822-4b8d-41b0-9573-073957a4f092.fast5	0098b822-4b8d-41b0-9573-073957a4f092	82dc462fc1d07e69c1507ae16e46fb64f9ab6005	0	9	4	89404.582500	29.222500	58445	TRUE	89404.819500	57971	28.985500	9085	10.638333	0.000000	68.567085	8.097118	66.215179	8.961226
399736f2-013e-4e56-875a-997eb1716e29.fast5	399736f2-013e-4e56-875a-997eb1716e29	82dc462fc1d07e69c1507ae16e46fb64f9ab6005	0	69	2	932.381000	12.121250	24242	TRUE	932.531500	23941	11.970750	4373	11.512816	0.000000	74.941414	8.958513	72.469719	10.132975
0f5cb484-c1fd-49ea-838a-7e56e0c0b887.fast5	0f5cb484-c1fd-49ea-838a-7e56e0c0b887	82dc462fc1d07e69c1507ae16e46fb64f9ab6005	0	128	2	6805.567750	12.169500	24339	TRUE	6805.879250	23716	11.858000	4336	11.624598	0.000000	73.390900	8.786234	71.406967	9.363735
faf567d4-f9bd-42f8-8531-446faa5ff7bd.fast5	faf567d4-f9bd-42f8-8531-446faa5ff7bd	82dc462fc1d07e69c1507ae16e46fb64f9ab6005	0	285	3	63544.320000	15.246000	30492	TRUE	63544.398500	30335	15.167500	4428	12.383761	0.000000	72.701782	8.441676	70.895851	9.071656
923edfa2-3d03-4944-b757-adc406525406.fast5	923edfa2-3d03-4944-b757-adc406525406	82dc462fc1d07e69c1507ae16e46fb64f9ab6005	0	108	1	14068.440750	26.926250	53852	TRUE	14068.539250	53655	26.827750	8993	10.706224	0.000000	74.080017	8.441676	73.760521	10.247986
0ec9d31f-a8d7-4490-8377-7e73f211a670.fast5	0ec9d31f-a8d7-4490-8377-7e73f211a670	82dc462fc1d07e69c1507ae16e46fb64f9ab6005	0	345	2	3681.543750	11.264500	22529	TRUE	3681.690750	22235	11.117500	4544	11.459175	0.000000	78.559273	8.958513	77.993134	9.798644
4d6cdaf5-fa2d-46d2-92ef-002999b9f07e.fast5	4d6cdaf5-fa2d-46d2-92ef-002999b9f07e	82dc462fc1d07e69c1507ae16e46fb64f9ab6005	0	300	2	42000.915250	31.660000	63320	TRUE	42000.968750	63213	31.606500	12052	9.292737	0.000000	72.529503	9.819909	73.074959	10.596469
1e850816-890a-4d06-820c-53365368a05f.fast5	1e850816-890a-4d06-820c-53365368a05f	82dc462fc1d07e69c1507ae16e46fb64f9ab6005	0	119	2	72556.337250	14.848250	29696	TRUE	72556.364750	29641	14.820750	4530	10.988750	0.000000	67.533409	10.164467	71.653572	9.213096
c872b44a-6fa8-465c-a55d-a34fb33375e5.fast5	c872b44a-6fa8-465c-a55d-a34fb33375e5	82dc462fc1d07e69c1507ae16e46fb64f9ab6005	0	54	4	26230.354000	11.508750	23017	TRUE	26230.645000	22435	11.217750	4383	12.205485	0.000000	67.361130	10.336746	69.515717	9.884378
8d3572de-7e95-4b2c-bfe2-96f3a56218d6.fast5	8d3572de-7e95-4b2c-bfe2-96f3a56218d6	82dc462fc1d07e69c1507ae16e46fb64f9ab6005	0	182	1	53265.195500	37.484000	74968	TRUE	53265.342000	74675	37.337500	13518	12.483267	0.000000	76.319641	8.958513	73.762955	9.485277
4ee5e630-0cc0-47e1-9a1a-d3cf17091898.fast5	4ee5e630-0cc0-47e1-9a1a-d3cf17091898	82dc462fc1d07e69c1507ae16e46fb64f9ab6005	0	395	4	58964.260750	28.594000	57188	TRUE	58964.615250	56479	28.239500	8882	10.780264	0.000000	66.327454	8.958513	66.027802	9.313093
7cdb9bcf-bb5d-4cd4-9acc-a25416034eee.fast5	7cdb9bcf-bb5d-4cd4-9acc-a25416034eee	82dc462fc1d07e69c1507ae16e46fb64f9ab6005	0	82	2	106176.941000	13.535000	27070	TRUE	106177.165500	26621	13.310500	4408	11.409163	0.000000	78.903831	9.475350	76.856346	10.330923
ecf99359-693b-4d2e-9607-f266fcd1c33a.fast5	ecf99359-693b-4d2e-9607-f266fcd1c33a	82dc462fc1d07e69c1507ae16e46fb64f9ab6005	0	109	1	13401.787250	14.251250	28502	TRUE	13401.971750	28133	14.066750	4572	13.045474	0.000000	74.941414	8.613955	72.967094	9.699934
3433225e-89e2-41a0-9737-161c1fefaf17.fast5	3433225e-89e2-41a0-9737-161c1fefaf17	82dc462fc1d07e69c1507ae16e46fb64f9ab6005	0	329	3	18601.727250	14.828750	29657	TRUE	18601.754750	29602	14.801250	4513	12.651562	0.000000	70.806709	10.336746	74.180290	9.574979
6322f748-c1fe-4bd3-a34f-8719fedcd37a.fast5	6322f748-c1fe-4bd3-a34f-8719fedcd37a	82dc462fc1d07e69c1507ae16e46fb64f9ab6005	0	500	1	54140.517000	51.203250	102406	TRUE	54140.625000	102190	51.095250	17665	12.070109	0.000000	78.386993	9.303072	76.969597	10.206237
2d4cc6b1-e52c-42d4-80c2-b59003d2ddc3.fast5	2d4cc6b1-e52c-42d4-80c2-b59003d2ddc3	82dc462fc1d07e69c1507ae16e46fb64f9ab6005	0	168	3	34537.719000	12.331250	24662	TRUE	34537.977000	24146	12.073250	4347	10.976805	0.000000	62.020477	9.647630	64.863686	8.714793
2a1a0159-6441-436e-ad55-30b525ba57ee.fast5	2a1a0159-6441-436e-ad55-30b525ba57ee	82dc462fc1d07e69c1507ae16e46fb64f9ab6005	0	400	3	23666.348000	12.055000	24110	TRUE	23666.470000	23866	11.933000	4500	11.297863	0.000000	72.701782	8.613955	71.673866	9.717175
bc2bb52e-9c57-4979-b033-6a47fb29af39.fast5	bc2bb52e-9c57-4979-b033-6a47fb29af39	82dc462fc1d07e69c1507ae16e46fb64f9ab6005	0	100	2	2715.641000	90.157500	180315	TRUE	2715.680000	180237	90.118500	35476	11.530846	0.000000	69.945320	9.819909	71.799713	9.406090
f3532b4b-729c-4f80-954f-0ebae8200e47.fast5	f3532b4b-729c-4f80-954f-0ebae8200e47	82dc462fc1d07e69c1507ae16e46fb64f9ab6005	0	46	1	46377.011500	12.757000	25514	TRUE	46377.093500	25350	12.675000	4420	11.027068	0.000000	69.083923	10.336746	72.739830	9.948345
26959a37-38de-4b21-98e9-052c5741c219.fast5	26959a37-38de-4b21-98e9-052c5741c219	82dc462fc1d07e69c1507ae16e46fb64f9ab6005	0	73	2	6647.740750	12.846000	25692	TRUE	6647.740750	25692	12.846000	4420	10.127970	0.000000	73.218620	9.647630	74.637856	10.975978
a05be6ce-85a9-4dac-8e2c-a09263711056.fast5	a05be6ce-85a9-4dac-8e2c-a09263711056	82dc462fc1d07e69c1507ae16e46fb64f9ab6005	0	507	4	36011.363500	34.255750	68511	TRUE	36011.363500	68511	34.255750	13425	8.509819	0.000000	69.083923	9.303072	69.869133	9.434341
245653d2-dc5f-47b1-986f-784a010fff60.fast5	245653d2-dc5f-47b1-986f-784a010fff60	82dc462fc1d07e69c1507ae16e46fb64f9ab6005	0	185	4	3392.482500	20.378750	40757	TRUE	3392.509500	40703	20.351750	8551	9.394941	0.000000	72.701782	9.475350	72.944199	9.400656
d9e26fa6-013c-49e4-ab3f-33e6536651bf.fast5	d9e26fa6-013c-49e4-ab3f-33e6536651bf	82dc462fc1d07e69c1507ae16e46fb64f9ab6005	0	309	4	76909.524250	15.123000	30246	TRUE	76909.813750	29667	14.833500	4487	8.386363	0.000000	64.260109	7.580281	64.076157	8.604724
6f9b143c-04b4-4147-9815-091e576e1058.fast5	6f9b143c-04b4-4147-9815-091e576e1058	82dc462fc1d07e69c1507ae16e46fb64f9ab6005	0	392	3	16173.165750	63.632750	127265	TRUE	16173.236750	127123	63.561750	21480	9.564173	0.000000	68.567085	8.958513	69.039925	8.934764
908f43e2-c64d-450b-8925-fae25af4e1da.fast5	908f43e2-c64d-450b-8925-fae25af4e1da	82dc462fc1d07e69c1507ae16e46fb64f9ab6005	0	473	4	69719.735250	30.410000	60820	TRUE	69719.935250	60420	30.210000	9201	11.610857	0.000000	70.806709	8.269397	69.548309	8.991846
8e880fff-e407-4512-aa90-1214fff9bad3.fast5	8e880fff-e407-4512-aa90-1214fff9bad3	82dc462fc1d07e69c1507ae16e46fb64f9ab6005	0	188	1	13679.653500	16.337000	32674	TRUE	13679.743500	32494	16.247000	4480	14.463736	0.000000	75.975082	8.958513	75.880356	9.682745
499641fb-c566-448f-b69e-bdb298fcfa48.fast5	499641fb-c566-448f-b69e-bdb298fcfa48	82dc462fc1d07e69c1507ae16e46fb64f9ab6005	0	278	1	44477.098000	12.601750	25203	TRUE	44477.373000	24653	12.326750	4402	12.211813	0.000000	76.664200	11.025863	78.115433	10.018729
4a90c25c-3bdc-42ed-b520-d0e9d6244e16.fast5	4a90c25c-3bdc-42ed-b520-d0e9d6244e16	82dc462fc1d07e69c1507ae16e46fb64f9ab6005	0	391	2	10638.836750	12.210500	24421	TRUE	10638.922750	24249	12.124500	4608	10.914285	0.000000	66.844292	9.819909	69.352188	8.987362
b843a5b7-97aa-4906-ab00-879f5ae1211d.fast5	b843a5b7-97aa-4906-ab00-879f5ae1211d	82dc462fc1d07e69c1507ae16e46fb64f9ab6005	0	207	4	43865.975500	14.459000	28918	TRUE	43865.975500	28918	14.459000	4568	11.885425	0.000000	59.091732	8.269397	59.949299	8.089405
fdb4b486-a325-4312-848d-78234458a0b9.fast5	fdb4b486-a325-4312-848d-78234458a0b9	82dc462fc1d07e69c1507ae16e46fb64f9ab6005	0	500	4	13769.839750	86.649250	173298	TRUE	13769.909250	173159	86.579750	29924	11.538645	0.000000	71.495827	9.130793	71.165756	8.929736
956e122c-29eb-453c-9286-458e8d3bc2e4.fast5	956e122c-29eb-453c-9286-458e8d3bc2e4	82dc462fc1d07e69c1507ae16e46fb64f9ab6005	0	434	4	39967.050500	27.165500	54331	TRUE	39967.304500	53823	26.911500	9172	12.234963	0.000000	67.188850	10.164467	70.696678	9.273235
0513f329-fac7-476f-94ce-d5c959229688.fast5	0513f329-fac7-476f-94ce-d5c959229688	82dc462fc1d07e69c1507ae16e46fb64f9ab6005	0	38	4	24058.859750	10.658250	21316	TRUE	24058.929750	21176	10.588250	4357	9.947532	0.000000	70.634430	8.097118	70.375465	9.608395
a96aad23-4125-499f-8b6b-f46ba67e4aa4.fast5	a96aad23-4125-499f-8b6b-f46ba67e4aa4	82dc462fc1d07e69c1507ae16e46fb64f9ab6005	0	241	4	103332.015500	22.929750	45859	TRUE	103332.072000	45746	22.873250	4340	10.535182	0.000000	70.462151	10.681305	73.760071	9.733477
0f462745-95ed-4cab-a7f5-e05cec6a07dc.fast5	0f462745-95ed-4cab-a7f5-e05cec6a07dc	82dc462fc1d07e69c1507ae16e46fb64f9ab6005	0	458	1	60386.626500	15.598000	31196	TRUE	60386.908500	30632	15.316000	4619	12.126739	0.000000	61.848198	9.647630	65.487480	8.894236
251972c0-ed92-46da-a422-61ef6bec6a7a.fast5	251972c0-ed92-46da-a422-61ef6bec6a7a	82dc462fc1d07e69c1507ae16e46fb64f9ab6005	0	451	1	14958.875750	14.695250	29390	TRUE	14958.901250	29339	14.669750	4502	11.561181	0.000000	71.840385	10.336746	72.774178	9.526509
0b132d36-546a-4971-a14e-f2c53f3d4f20.fast5	0b132d36-546a-4971-a14e-f2c53f3d4f20	82dc462fc1d07e69c1507ae16e46fb64f9ab6005	0	170	3	64779.164750	28.930750	57861	TRUE	64779.205750	57779	28.889750	9113	12.133339	0.000000	63.743267	9.992188	66.840050	8.929477
82688f35-db87-4f5d-9749-88fb7e68a916.fast5	82688f35-db87-4f5d-9749-88fb7e68a916	82dc462fc1d07e69c1507ae16e46fb64f9ab6005	0	344	3	27793.331750	11.087250	22174	TRUE	27793.443750	21950	10.975250	4563	9.910128	0.000000	64.604668	7.924839	64.103569	8.427951
ff5479e5-0ec3-4040-bc17-3b40b431a514.fast5	ff5479e5-0ec3-4040-bc17-3b40b431a514	82dc462fc1d07e69c1507ae16e46fb64f9ab6005	0	248	1	74395.061250	55.442000	110884	TRUE	74395.228750	110549	55.274500	17662	9.282718	0.000000	69.428482	9.303072	68.581551	9.147704
d282813f-6b2d-4504-a304-46bbd7a9bb80.fast5	d282813f-6b2d-4504-a304-46bbd7a9bb80	82dc462fc1d07e69c1507ae16e46fb64f9ab6005	0	488	4	1830.628250	10.972750	21945	TRUE	1830.707250	21787	10.893750	4337	11.955430	0.000000	67.705688	10.164467	69.587250	9.333398
1a0204cc-250e-4199-861a-6239c42ba36d.fast5	1a0204cc-250e-4199-861a-6239c42ba36d	82dc462fc1d07e69c1507ae16e46fb64f9ab6005	0	85	1	7694.375500	13.236500	26473	TRUE	7694.674000	25876	12.938000	4411	12.645827	0.000000	73.046341	8.613955	72.238495	9.457827
9b5d95c1-d479-4ab7-a257-0734b312384a.fast5	9b5d95c1-d479-4ab7-a257-0734b312384a	82dc462fc1d07e69c1507ae16e46fb64f9ab6005	0	208	3	29968.518750	12.098250	24196	TRUE	29968.802250	23629	11.814750	4588	11.401483	0.000000	68.739365	9.992188	70.044632	9.523666
05f0f901-f020-4303-b131-055df1d1bfb2.fast5	05f0f901-f020-4303-b131-055df1d1bfb2	82dc462fc1d07e69c1507ae16e46fb64f9ab6005	0	101	4	25900.638750	12.067250	24134	TRUE	25900.804250	23803	11.901750	4456	12.206203	0.000000	68.222527	10.164467	70.278015	8.824263
8612105c-8403-46d0-8d99-08e67b352d5f.fast5	8612105c-8403-46d0-8d99-08e67b352d5f	82dc462fc1d07e69c1507ae16e46fb64f9ab6005	0	27	2	10097.494750	12.839750	25679	TRUE	10097.519750	25629	12.814750	4482	11.351776	0.000000	68.567085	9.992188	70.780090	9.688273
c694c327-475b-4003-ad1e-16bb11ac4a0b.fast5	c694c327-475b-4003-ad1e-16bb11ac4a0b	82dc462fc1d07e69c1507ae16e46fb64f9ab6005	0	83	4	66727.477250	12.875500	25751	TRUE	66727.528250	25649	12.824500	4409	12.354841	0.000000	69.256203	10.509026	70.433113	9.280807
ea786a64-c9be-4aa2-9e9a-c2df967dac53.fast5	ea786a64-c9be-4aa2-9e9a-c2df967dac53	82dc462fc1d07e69c1507ae16e46fb64f9ab6005	0	126	2	76692.207750	43.575000	87150	TRUE	76692.253250	87059	43.529500	13334	9.070515	0.000000	76.836479	10.509026	77.538589	10.267739
1ab7ddf1-41d2-4c6b-a143-d46634b45689.fast5	1ab7ddf1-41d2-4c6b-a143-d46634b45689	82dc462fc1d07e69c1507ae16e46fb64f9ab6005	0	38	2	13538.441750	12.274000	24548	TRUE	13538.645750	24140	12.070000	4296	9.186481	0.000000	69.600761	8.441676	69.303795	9.299720
76a2f3de-2d92-460d-97d3-64cfaa08169c.fast5	76a2f3de-2d92-460d-97d3-64cfaa08169c	82dc462fc1d07e69c1507ae16e46fb64f9ab6005	0	469	3	106448.776000	13.331250	26662	TRUE	106448.877000	26460	13.230250	4442	12.072983	0.000000	73.218620	10.336746	75.892296	9.619571
dc349f70-34fd-4fff-abfc-61c8d38db00c.fast5	dc349f70-34fd-4fff-abfc-61c8d38db00c	82dc462fc1d07e69c1507ae16e46fb64f9ab6005	0	492	2	28458.003000	10.367250	20734	TRUE	28458.224000	20292	10.146250	4384	11.194030	0.000000	76.147362	8.786234	74.184395	9.681162
5726b9ad-181f-47f8-b0ed-e3a6962f1dcf.fast5	5726b9ad-181f-47f8-b0ed-e3a6962f1dcf	82dc462fc1d07e69c1507ae16e46fb64f9ab6005	0	320	1	38825.466000	22.538750	45077	TRUE	38825.486500	45036	22.518250	8794	11.791788	0.000000	75.458244	9.819909	76.863930	9.809214
4814db1d-49c8-4b7e-9f5c-bc82f00af0b4.fast5	4814db1d-49c8-4b7e-9f5c-bc82f00af0b4	82dc462fc1d07e69c1507ae16e46fb64f9ab6005	0	456	1	12551.673000	14.059500	28119	TRUE	12551.795500	27874	13.937000	4596	12.120342	0.000000	69.600761	10.164467	71.481369	9.722893
6307891f-93e7-4693-ab5b-b8d7054ac3c5.fast5	6307891f-93e7-4693-ab5b-b8d7054ac3c5	82dc462fc1d07e69c1507ae16e46fb64f9ab6005	0	277	4	6169.943750	26.753250	53506	TRUE	6170.272750	52848	26.424250	8933	12.373245	0.000000	65.810616	9.992188	68.718018	8.757972
232b120e-fe3c-497e-8ee7-39b10ec9d1a8.fast5	232b120e-fe3c-497e-8ee7-39b10ec9d1a8	82dc462fc1d07e69c1507ae16e46fb64f9ab6005	0	420	4	88920.553750	23.413250	46826	TRUE	88920.574750	46784	23.392250	8848	10.612574	0.000000	74.080017	8.613955	73.508461	9.665670
89e4482e-721d-4ad5-bd85-8e9a598f2da0.fast5	89e4482e-721d-4ad5-bd85-8e9a598f2da0	82dc462fc1d07e69c1507ae16e46fb64f9ab6005	0	452	4	7748.074750	12.741250	25482	TRUE	7748.253250	25125	12.562750	4511	11.444820	0.000000	69.600761	9.992188	69.967453	9.090178
2ae54705-a763-44d3-96d5-8c6c30c78072.fast5	2ae54705-a763-44d3-96d5-8c6c30c78072	82dc462fc1d07e69c1507ae16e46fb64f9ab6005	0	482	3	37961.664500	12.253000	24506	TRUE	37961.700500	24434	12.217000	4400	13.636823	0.000000	74.424576	11.025863	77.754593	9.732989
75e82310-02dd-4f62-b1f0-b4afb212d0d8.fast5	75e82310-02dd-4f62-b1f0-b4afb212d0d8	82dc462fc1d07e69c1507ae16e46fb64f9ab6005	0	171	4	5792.660500	12.657750	25315	TRUE	5792.705000	25226	12.613250	4329	12.819558	0.000000	75.113693	8.958513	75.284431	9.360385
61576778-780e-4f35-9cde-504fa693537f.fast5	61576778-780e-4f35-9cde-504fa693537f	82dc462fc1d07e69c1507ae16e46fb64f9ab6005	0	105	4	94412.020250	13.628500	27257	TRUE	94412.087750	27122	13.561000	4433	11.991014	0.000000	72.012665	10.509026	74.179832	9.888037
997ab7ed-d83c-462b-8cf6-e0c8f958cd98.fast5	997ab7ed-d83c-462b-8cf6-e0c8f958cd98	82dc462fc1d07e69c1507ae16e46fb64f9ab6005	0	171	1	14714.418000	13.400750	26801	TRUE	14714.450000	26737	13.368750	4554	12.233571	0.000000	74.769135	8.786234	73.502678	9.835154
2310914a-c120-4e40-910d-45ee042f10a3.fast5	2310914a-c120-4e40-910d-45ee042f10a3	82dc462fc1d07e69c1507ae16e46fb64f9ab6005	0	355	1	104451.452250	13.209500	26419	TRUE	104451.747250	25829	12.914500	4490	12.870956	0.000000	72.184944	8.613955	70.303993	9.253314
19299a9e-075b-4cd7-89ec-8e1be16d8afc.fast5	19299a9e-075b-4cd7-89ec-8e1be16d8afc	82dc462fc1d07e69c1507ae16e46fb64f9ab6005	0	205	3	110607.394750	12.260750	24521	TRUE	110607.679250	23952	11.976250	4361	8.181836	0.000000	63.915546	7.408001	63.197849	8.423802
1a0b3e8b-3b1c-4984-84ac-eac22ea39c84.fast5	1a0b3e8b-3b1c-4984-84ac-eac22ea39c84	82dc462fc1d07e69c1507ae16e46fb64f9ab6005	0	216	2	39836.041750	100.626250	201252	TRUE	39836.209250	200917	100.458750	39072	10.329412	0.000000	70.117592	9.303072	68.747910	9.111056
5d9deab3-3fed-478c-aeed-3f2239d16386.fast5	5d9deab3-3fed-478c-aeed-3f2239d16386	82dc462fc1d07e69c1507ae16e46fb64f9ab6005	0	425	3	34368.724750	13.118250	26236	TRUE	34368.801750	26082	13.041250	4589	11.991714	0.000000	69.083923	10.164467	70.621269	9.764091
0d64772e-0aba-4cd0-97eb-7157c22585c2.fast5	0d64772e-0aba-4cd0-97eb-7157c22585c2	82dc462fc1d07e69c1507ae16e46fb64f9ab6005	0	24	4	35037.616250	12.958500	25917	TRUE	35037.803250	25543	12.771500	4472	12.980479	0.000000	67.705688	9.992188	70.443588	9.069204
614a4ea1-a49c-4fdc-9365-d7a2426e0f42.fast5	614a4ea1-a49c-4fdc-9365-d7a2426e0f42	82dc462fc1d07e69c1507ae16e46fb64f9ab6005	0	437	2	3139.737250	23.727750	47455	TRUE	3140.126750	46676	23.338250	8898	12.243945	0.000000	69.773041	8.269397	68.874695	9.089988
6de9b5a0-516c-45a6-9d3c-4566c7eed4d7.fast5	6de9b5a0-516c-45a6-9d3c-4566c7eed4d7	82dc462fc1d07e69c1507ae16e46fb64f9ab6005	0	215	4	30165.736250	68.339000	136678	TRUE	30165.859250	136432	68.216000	25905	9.516145	0.000000	65.982895	8.786234	67.080704	8.696725
b86e586f-b070-4230-a7f3-7224535e06ab.fast5	b86e586f-b070-4230-a7f3-7224535e06ab	82dc462fc1d07e69c1507ae16e46fb64f9ab6005	0	107	4	40533.023500	24.045500	48091	TRUE	40533.165000	47808	23.904000	8764	9.485085	0.000000	75.113693	8.441676	72.536476	9.430266
51d85c67-68aa-4901-a582-28f876b1e428.fast5	51d85c67-68aa-4901-a582-28f876b1e428	82dc462fc1d07e69c1507ae16e46fb64f9ab6005	0	4	1	33613.155250	12.237750	24475	TRUE	33613.335250	24115	12.057750	4553	12.689533	0.000000	72.529503	8.441676	71.753883	9.502580
2324a99e-a52b-4ccb-b6f7-0d13f2877bbf.fast5	2324a99e-a52b-4ccb-b6f7-0d13f2877bbf	82dc462fc1d07e69c1507ae16e46fb64f9ab6005	0	464	4	76166.188250	13.837250	27674	TRUE	76166.212750	27625	13.812750	4575	11.502014	0.000000	74.424576	10.681305	77.221046	9.646705
0b9c1661-6b44-4f8f-b93d-a60a80910cca.fast5	0b9c1661-6b44-4f8f-b93d-a60a80910cca	82dc462fc1d07e69c1507ae16e46fb64f9ab6005	0	224	2	28634.960250	11.544000	23088	TRUE	28635.452750	22103	11.051500	4454	11.617887	0.000000	68.911644	8.269397	67.975456	9.505732
1cefba6b-9517-4d14-8b03-2edfb2e67ab3.fast5	1cefba6b-9517-4d14-8b03-2edfb2e67ab3	82dc462fc1d07e69c1507ae16e46fb64f9ab6005	0	454	2	52568.245000	12.484500	24969	TRUE	52568.245000	24969	12.484500	4426	11.335369	0.000000	66.155174	7.580281	64.694351	8.717486
1bdd47a6-b65f-4c7a-b268-037b934b65b6.fast5	1bdd47a6-b65f-4c7a-b268-037b934b65b6	82dc462fc1d07e69c1507ae16e46fb64f9ab6005	0	489	1	46505.767750	13.222750	26445	TRUE	46505.798750	26383	13.191750	4435	12.342588	0.000000	70.634430	10.509026	73.244537	9.822289
6d162eff-dffe-4724-ae70-f65d5448742b.fast5	6d162eff-dffe-4724-ae70-f65d5448742b	82dc462fc1d07e69c1507ae16e46fb64f9ab6005	0	223	3	34370.535750	18.337000	36674	TRUE	34370.554750	36636	18.318000	8927	11.673584	0.000000	72.874062	8.269397	72.205292	9.158774
1a3a80fd-2639-4a7d-8527-a2fb07c2e32c.fast5	1a3a80fd-2639-4a7d-8527-a2fb07c2e32c	82dc462fc1d07e69c1507ae16e46fb64f9ab6005	0	190	1	120116.959250	29.865750	59731	TRUE	120117.002250	59645	29.822750	9174	12.778739	0.000000	77.353317	11.025863	80.301590	10.245387
3b35e502-8928-44cd-a02d-6b53aeef868b.fast5	3b35e502-8928-44cd-a02d-6b53aeef868b	82dc462fc1d07e69c1507ae16e46fb64f9ab6005	0	407	1	33241.941750	12.366750	24733	TRUE	33242.006750	24603	12.301750	4485	12.671650	0.000000	67.533409	10.164467	70.334877	9.019655
a29d2951-7e8e-4e0f-b336-8e85b707dbf9.fast5	a29d2951-7e8e-4e0f-b336-8e85b707dbf9	82dc462fc1d07e69c1507ae16e46fb64f9ab6005	0	253	4	60532.722000	37.140750	74281	TRUE	60532.963500	73798	36.899250	12974	10.488692	0.000000	72.012665	9.130793	70.559036	9.468767
3786232b-81e5-48c9-930d-d127ea8dc280.fast5	3786232b-81e5-48c9-930d-d127ea8dc280	82dc462fc1d07e69c1507ae16e46fb64f9ab6005	0	186	3	12700.813000	12.094250	24188	TRUE	12701.069000	23676	11.838250	4307	9.662710	0.000000	68.739365	7.924839	67.093979	8.731997
1ec1b2f7-ef96-436c-a351-30d70ce5a510.fast5	1ec1b2f7-ef96-436c-a351-30d70ce5a510	82dc462fc1d07e69c1507ae16e46fb64f9ab6005	0	180	3	157935.724500	14.204750	28409	TRUE	157935.869500	28119	14.059750	4444	9.361175	0.000000	62.020477	7.580281	60.560360	8.170777
b989a0b8-8c30-4fd6-aa5b-24971e8b0564.fast5	b989a0b8-8c30-4fd6-aa5b-24971e8b0564	82dc462fc1d07e69c1507ae16e46fb64f9ab6005	0	235	3	30026.542250	21.407000	42814	TRUE	30026.606750	42685	21.342500	8736	8.666012	0.000000	70.462151	9.130793	70.352821	9.403094
c67a8951-6922-42c6-881a-6d135fba530f.fast5	c67a8951-6922-42c6-881a-6d135fba530f	82dc462fc1d07e69c1507ae16e46fb64f9ab6005	0	128	2	48235.249250	26.487250	52974	TRUE	48235.385750	52701	26.350750	8913	11.830202	0.000000	67.016571	9.303072	68.173401	9.361086
108d6c19-5cb9-4164-ae36-35ed222db54f.fast5	108d6c19-5cb9-4164-ae36-35ed222db54f	82dc462fc1d07e69c1507ae16e46fb64f9ab6005	0	26	3	45567.036500	12.529000	25058	TRUE	45567.069500	24992	12.496000	4395	13.110638	0.000000	74.252296	8.786234	73.127632	9.341204
b438db5c-f6de-46bf-aaae-0094c9f6880e.fast5	b438db5c-f6de-46bf-aaae-0094c9f6880e	82dc462fc1d07e69c1507ae16e46fb64f9ab6005	0	427	1	79747.434000	14.789500	29579	TRUE	79747.682000	29083	14.541500	4399	12.262681	0.000000	71.323547	8.613955	69.958145	9.324190
d44238e6-cd71-4c05-a9fe-c842f49edc6d.fast5	d44238e6-cd71-4c05-a9fe-c842f49edc6d	82dc462fc1d07e69c1507ae16e46fb64f9ab6005	0	435	1	41939.950000	12.777500	25555	TRUE	41940.282000	24891	12.445500	4596	11.449149	0.000000	72.184944	10.681305	74.958893	9.546921
0ce4eb1a-3b52-4b0a-87c6-d811b90c10a5.fast5	0ce4eb1a-3b52-4b0a-87c6-d811b90c10a5	82dc462fc1d07e69c1507ae16e46fb64f9ab6005	0	498	2	5106.560250	56.872750	113745	TRUE	5106.660250	113545	56.772750	22086	10.718588	0.000000	72.012665	8.958513	71.053223	9.257591
9fd5487e-767b-43b9-8def-1c2aa7b0d77c.fast5	9fd5487e-767b-43b9-8def-1c2aa7b0d77c	82dc462fc1d07e69c1507ae16e46fb64f9ab6005	0	199	2	81768.308750	15.809500	31619	TRUE	81768.421750	31393	15.696500	4448	11.114100	0.000000	66.844292	10.336746	68.990990	9.929743
a4d9b80a-e11c-4132-91be-411532d362ad.fast5	a4d9b80a-e11c-4132-91be-411532d362ad	82dc462fc1d07e69c1507ae16e46fb64f9ab6005	0	247	3	77530.552250	27.215750	54431	TRUE	77530.613750	54308	27.154250	8618	10.391192	0.000000	74.080017	9.475350	75.420502	9.580880
83e92c1a-5e6f-4d1d-8193-8000886b83ab.fast5	83e92c1a-5e6f-4d1d-8193-8000886b83ab	82dc462fc1d07e69c1507ae16e46fb64f9ab6005	0	386	2	10268.861500	11.836000	23672	TRUE	10268.926500	23542	11.771000	4341	10.356534	0.000000	74.080017	8.786234	73.957077	9.600756
d875e4ee-af78-4992-837e-3848489f9bdf.fast5	d875e4ee-af78-4992-837e-3848489f9bdf	82dc462fc1d07e69c1507ae16e46fb64f9ab6005	0	153	4	6045.941000	70.047250	140094	TRUE	6046.043500	139889	69.944750	26477	11.421230	0.000000	80.109787	9.647630	79.073860	10.066628
01e21949-24e7-4adb-ba7d-97dc623c90ce.fast5	01e21949-24e7-4adb-ba7d-97dc623c90ce	82dc462fc1d07e69c1507ae16e46fb64f9ab6005	0	111	2	137644.432000	15.009750	30019	TRUE	137644.617500	29648	14.824250	4376	10.624827	0.000000	73.907738	8.269397	70.899330	9.185386
5b7429e4-6e2f-456e-8a5e-556a5c9e6332.fast5	5b7429e4-6e2f-456e-8a5e-556a5c9e6332	82dc462fc1d07e69c1507ae16e46fb64f9ab6005	0	455	2	41480.321000	12.646500	25293	TRUE	41480.416000	25103	12.551500	4510	9.699502	0.000000	73.046341	8.441676	72.681335	9.049994
e862690d-e0c4-45db-8e8c-b032afd3de3c.fast5	e862690d-e0c4-45db-8e8c-b032afd3de3c	82dc462fc1d07e69c1507ae16e46fb64f9ab6005	0	270	4	6281.938750	11.713000	23426	TRUE	6281.954250	23395	11.697500	4406	12.151808	0.000000	70.634430	10.509026	71.438469	9.662228
d17cb045-1904-46e4-849b-32673cab5c7c.fast5	d17cb045-1904-46e4-849b-32673cab5c7c	82dc462fc1d07e69c1507ae16e46fb64f9ab6005	0	140	1	61955.955000	13.323500	26647	TRUE	61955.979000	26599	13.299500	4339	12.445845	0.000000	78.042435	8.958513	77.993172	9.990478
41ca9451-0431-436b-99fa-404c75402407.fast5	41ca9451-0431-436b-99fa-404c75402407	82dc462fc1d07e69c1507ae16e46fb64f9ab6005	0	272	2	54415.083250	13.788000	27576	TRUE	54415.103750	27535	13.767500	4554	10.655281	0.000000	77.870155	8.958513	76.430649	9.806737
913e1853-7b90-42ba-8fb8-eda7dd6b1cec.fast5	913e1853-7b90-42ba-8fb8-eda7dd6b1cec	82dc462fc1d07e69c1507ae16e46fb64f9ab6005	0	198	1	20135.872000	9.167500	18335	TRUE	20135.948000	18183	9.091500	4337	12.181854	0.000000	69.428482	8.097118	67.631264	9.147738
b986b1f7-4157-44af-acbe-1a072634b7bc.fast5	b986b1f7-4157-44af-acbe-1a072634b7bc	82dc462fc1d07e69c1507ae16e46fb64f9ab6005	0	492	3	63239.942500	14.713250	29426	TRUE	63240.166500	28978	14.489250	4425	9.752439	0.000000	73.735458	10.509026	75.296135	9.477659
60823b6d-6482-401c-a40a-99c785b1c9c0.fast5	60823b6d-6482-401c-a40a-99c785b1c9c0	82dc462fc1d07e69c1507ae16e46fb64f9ab6005	0	316	3	60225.992000	13.448000	26896	TRUE	60226.295000	26290	13.145000	4438	11.818837	0.000000	72.874062	8.786234	70.513557	9.810745
c70d2951-680c-4f52-962c-5fbffd316367.fast5	c70d2951-680c-4f52-962c-5fbffd316367	82dc462fc1d07e69c1507ae16e46fb64f9ab6005	0	391	4	86169.501750	50.103000	100206	TRUE	86169.655250	99899	49.949500	13597	11.396072	0.000000	60.469967	9.303072	62.610401	8.409336
482958b6-0c64-4568-bca0-fe4eb82a4f58.fast5	482958b6-0c64-4568-bca0-fe4eb82a4f58	82dc462fc1d07e69c1507ae16e46fb64f9ab6005	0	223	4	15929.354750	16.193500	32387	TRUE	15929.387250	32322	16.161000	4488	9.551605	0.000000	67.361130	9.819909	69.467239	9.012321
8ca1b365-e5dd-4594-bb4b-4003c8315275.fast5	8ca1b365-e5dd-4594-bb4b-4003c8315275	82dc462fc1d07e69c1507ae16e46fb64f9ab6005	0	67	2	8774.384250	22.317500	44635	TRUE	8774.650750	44102	22.051000	8701	12.513967	0.000000	75.802803	8.786234	73.115776	9.877113
ca8dde64-61cd-422d-9347-f62845a36b19.fast5	ca8dde64-61cd-422d-9347-f62845a36b19	82dc462fc1d07e69c1507ae16e46fb64f9ab6005	0	91	1	32732.865750	11.664750	23329	TRUE	32733.058750	22943	11.471750	4467	13.324219	0.000000	71.323547	8.441676	70.675812	8.929353
5f2c47dc-4ee3-4fa2-ae92-08c78ad77122.fast5	5f2c47dc-4ee3-4fa2-ae92-08c78ad77122	82dc462fc1d07e69c1507ae16e46fb64f9ab6005	0	332	3	21010.994250	11.325000	22650	TRUE	21011.126250	22386	11.193000	4375	13.036690	0.000000	68.911644	10.336746	70.949585	9.436463
7e2004a1-9ab9-4aa9-ad6f-c93145ff6b0c.fast5	7e2004a1-9ab9-4aa9-ad6f-c93145ff6b0c	82dc462fc1d07e69c1507ae16e46fb64f9ab6005	0	501	3	104630.621000	25.411750	50823	TRUE	104630.646000	50773	25.386750	9012	12.805734	0.000000	75.113693	8.958513	78.584007	10.257720
e47bf1a0-7c17-4406-bc2c-d5f4d999de77.fast5	e47bf1a0-7c17-4406-bc2c-d5f4d999de77	82dc462fc1d07e69c1507ae16e46fb64f9ab6005	0	161	3	94291.394750	11.507250	23014	TRUE	94291.591750	22620	11.310250	4300	11.696077	0.000000	77.870155	9.130793	76.639587	10.233092
dfcafbb8-6bf7-42af-a52b-6e471102f599.fast5	dfcafbb8-6bf7-42af-a52b-6e471102f599	82dc462fc1d07e69c1507ae16e46fb64f9ab6005	0	325	1	34814.868000	12.607000	25214	TRUE	34814.953500	25043	12.521500	4563	11.860394	0.000000	62.881874	9.475350	64.968750	8.750948
40c28a13-0929-41db-9964-ae949ddc66b1.fast5	40c28a13-0929-41db-9964-ae949ddc66b1	82dc462fc1d07e69c1507ae16e46fb64f9ab6005	0	471	3	70615.376500	13.694500	27389	TRUE	70615.391500	27359	13.679500	4345	11.647220	0.000000	75.285965	8.786234	74.854591	9.675889
ae85aba2-3f59-4be2-acd1-f492a7f2211b.fast5	ae85aba2-3f59-4be2-acd1-f492a7f2211b	82dc462fc1d07e69c1507ae16e46fb64f9ab6005	0	285	3	24835.492250	22.484750	44969	TRUE	24835.627250	44699	22.349750	8872	11.233107	0.000000	71.495827	9.475350	70.989449	9.277421
639b928a-0fb3-46a3-8e9e-b78c3fc013e7.fast5	639b928a-0fb3-46a3-8e9e-b78c3fc013e7	82dc462fc1d07e69c1507ae16e46fb64f9ab6005	0	362	3	123282.396500	12.570750	25141	TRUE	123282.468000	24998	12.499250	4567	9.628864	0.000000	96.304016	10.164467	94.473045	11.374376
029c7f77-e48d-4c2f-9ba4-94621e7d7d08.fast5	029c7f77-e48d-4c2f-9ba4-94621e7d7d08	82dc462fc1d07e69c1507ae16e46fb64f9ab6005	0	427	4	59074.441000	29.468750	58937	TRUE	59074.548000	58723	29.361750	9041	11.373857	0.000000	69.600761	10.336746	72.370712	9.894219
fe323748-25b5-4fb4-a639-429cdff108d2.fast5	fe323748-25b5-4fb4-a639-429cdff108d2	82dc462fc1d07e69c1507ae16e46fb64f9ab6005	0	451	2	63508.140500	13.633000	27266	TRUE	63508.279500	26988	13.494000	4288	11.314195	0.000000	68.050247	8.269397	67.103989	8.875998
cee8317c-b192-4482-b9ed-a749adcc92f9.fast5	cee8317c-b192-4482-b9ed-a749adcc92f9	82dc462fc1d07e69c1507ae16e46fb64f9ab6005	0	217	2	356.941250	9.845250	19690	TRUE	356.994250	19584	9.792250	4237	7.049183	0.000000	80.109787	10.164467	80.839027	10.371869
1ae7cf1a-b8be-4cf0-9ee1-88a38c7e52ac.fast5	1ae7cf1a-b8be-4cf0-9ee1-88a38c7e52ac	82dc462fc1d07e69c1507ae16e46fb64f9ab6005	0	268	4	29095.041750	22.403500	44807	TRUE	29095.146750	44597	22.298500	9040	13.513104	0.000000	74.080017	8.613955	73.690460	9.835088
6c6534a9-c3da-4cda-be69-93943a1d5b76.fast5	6c6534a9-c3da-4cda-be69-93943a1d5b76	82dc462fc1d07e69c1507ae16e46fb64f9ab6005	0	208	1	107068.380250	12.800500	25601	TRUE	107068.444750	25472	12.736000	4141	7.962701	0.000000	75.285965	7.580281	74.014793	9.280765
3bc8ccb9-987e-4f4c-80ae-9be60c70a1e9.fast5	3bc8ccb9-987e-4f4c-80ae-9be60c70a1e9	82dc462fc1d07e69c1507ae16e46fb64f9ab6005	0	210	3	21483.769250	13.581250	27162	TRUE	21483.908750	26883	13.441750	4575	11.581840	0.000000	70.978989	10.509026	72.980736	9.503823
f093a870-78da-43ca-8ab1-e752847f2b8c.fast5	f093a870-78da-43ca-8ab1-e752847f2b8c	82dc462fc1d07e69c1507ae16e46fb64f9ab6005	0	319	1	15821.072500	14.346750	28693	TRUE	15821.136500	28565	14.282750	4613	11.297729	0.000000	66.327454	9.819909	68.660278	8.992112
514b2a40-b7d9-4094-95f9-f03cbc6df6f2.fast5	514b2a40-b7d9-4094-95f9-f03cbc6df6f2	82dc462fc1d07e69c1507ae16e46fb64f9ab6005	0	191	3	14598.294250	27.294000	54588	TRUE	14598.294250	54588	27.294000	8685	11.112397	0.000000	69.256203	9.303072	70.556511	9.394243
b1ef5ed7-8101-404e-a1d2-6090a7422cea.fast5	b1ef5ed7-8101-404e-a1d2-6090a7422cea	82dc462fc1d07e69c1507ae16e46fb64f9ab6005	0	125	2	96176.590500	23.725250	47450	TRUE	96176.626000	47379	23.689750	8730	12.862189	0.000000	82.177132	9.303072	80.937538	10.804177
5aa4fd3c-f970-4127-a325-2e4e366a0cff.fast5	5aa4fd3c-f970-4127-a325-2e4e366a0cff	82dc462fc1d07e69c1507ae16e46fb64f9ab6005	0	24	4	36721.376250	11.567000	23134	TRUE	36721.540750	22805	11.402500	4377	11.046773	0.000000	75.113693	8.613955	73.605057	9.470991
d4da37f9-0a37-4e61-9c22-7a7f4e127013.fast5	d4da37f9-0a37-4e61-9c22-7a7f4e127013	82dc462fc1d07e69c1507ae16e46fb64f9ab6005	0	161	3	20199.490250	43.711250	87422	TRUE	20199.612750	87177	43.588750	17702	11.558244	0.000000	75.458244	8.786234	73.825020	10.375154
73f0ba4c-1893-468b-a9d4-ae897a533cbe.fast5	73f0ba4c-1893-468b-a9d4-ae897a533cbe	82dc462fc1d07e69c1507ae16e46fb64f9ab6005	0	111	1	12989.858500	12.865500	25731	TRUE	12989.921000	25606	12.803000	4397	10.241612	0.000000	68.050247	10.164467	70.714844	9.691607
a5f09217-d3ef-4025-bae4-b369d070a984.fast5	a5f09217-d3ef-4025-bae4-b369d070a984	82dc462fc1d07e69c1507ae16e46fb64f9ab6005	0	287	1	46685.667500	12.095250	24190	TRUE	46685.760000	24005	12.002750	4389	10.269257	0.000000	66.155174	9.819909	69.407806	9.688082
6783dd2e-f068-4665-bc34-475191bde1c2.fast5	6783dd2e-f068-4665-bc34-475191bde1c2	82dc462fc1d07e69c1507ae16e46fb64f9ab6005	0	16	2	26957.624750	11.900000	23800	TRUE	26957.678750	23692	11.846000	4381	12.032317	0.000000	65.982895	10.164467	67.961395	8.755610
f68a7d29-07b0-48fa-90a6-abde5e8319ed.fast5	f68a7d29-07b0-48fa-90a6-abde5e8319ed	82dc462fc1d07e69c1507ae16e46fb64f9ab6005	0	233	3	58492.790250	73.693750	147387	TRUE	58492.805250	147357	73.678750	26050	11.997713	0.000000	75.285965	9.303072	73.915337	9.450841
23992c44-279f-4bcd-a25d-8669d4111f9a.fast5	23992c44-279f-4bcd-a25d-8669d4111f9a	82dc462fc1d07e69c1507ae16e46fb64f9ab6005	0	501	1	35977.964000	12.244500	24489	TRUE	35978.008500	24400	12.200000	4559	11.426791	0.000000	68.911644	8.441676	68.730537	8.961171
11185a16-60ba-419a-b342-b1fb1b2f44e8.fast5	11185a16-60ba-419a-b342-b1fb1b2f44e8	82dc462fc1d07e69c1507ae16e46fb64f9ab6005	0	131	4	93462.709750	12.458250	24916	TRUE	93462.796250	24743	12.371750	4581	11.743978	0.000000	77.353317	9.130793	75.903519	9.753168
97f72a03-2e2a-4e89-991b-4e34c91ecbc5.fast5	97f72a03-2e2a-4e89-991b-4e34c91ecbc5	82dc462fc1d07e69c1507ae16e46fb64f9ab6005	0	8	4	17700.939750	14.403750	28807	TRUE	17700.988750	28709	14.354750	4584	12.025389	0.000000	67.016571	9.992188	68.724380	9.398582
493d8cb1-ca97-4ff1-a371-8b9ddbee5dd6.fast5	493d8cb1-ca97-4ff1-a371-8b9ddbee5dd6	82dc462fc1d07e69c1507ae16e46fb64f9ab6005	0	64	3	25255.542500	34.585750	69171	TRUE	25255.938000	68380	34.190250	13222	11.561215	0.000000	64.432388	7.752560	63.466167	8.523596
3ea8fad4-76ce-4c3d-8760-2c287d6d2b17.fast5	3ea8fad4-76ce-4c3d-8760-2c287d6d2b17	82dc462fc1d07e69c1507ae16e46fb64f9ab6005	0	88	3	61360.745750	15.918500	31837	TRUE	61360.745750	31837	15.918500	4491	9.458137	0.000000	53.923359	7.752560	55.623760	7.927506
1c23c923-b875-402b-8791-619e3beac05e.fast5	1c23c923-b875-402b-8791-619e3beac05e	82dc462fc1d07e69c1507ae16e46fb64f9ab6005	0	489	1	66594.048750	43.636000	87272	TRUE	66594.372750	86624	43.312000	13552	11.106077	0.000000	64.949219	9.992188	68.228424	8.958163
9dde1bb5-f52c-4eba-b55c-27ae5a3b70d8.fast5	9dde1bb5-f52c-4eba-b55c-27ae5a3b70d8	82dc462fc1d07e69c1507ae16e46fb64f9ab6005	0	168	3	24262.206500	11.358000	22716	TRUE	24262.484500	22160	11.080000	4571	13.327707	0.000000	69.428482	8.269397	67.725204	9.008528
5c465ebe-2ad8-4458-b1c0-466fecf3fd91.fast5	5c465ebe-2ad8-4458-b1c0-466fecf3fd91	82dc462fc1d07e69c1507ae16e46fb64f9ab6005	0	505	2	81113.895500	53.841750	107683	TRUE	81113.919000	107636	53.818250	15019	11.630692	0.000000	76.319641	11.025863	76.958809	10.671586
3bfff38a-faa2-4713-93fc-7055c05ab7d9.fast5	3bfff38a-faa2-4713-93fc-7055c05ab7d9	82dc462fc1d07e69c1507ae16e46fb64f9ab6005	0	505	2	6314.839500	69.492000	138984	TRUE	6314.998000	138667	69.333500	25824	10.280812	0.000000	73.735458	9.819909	72.159790	9.515995
6b5049cb-d13d-4808-8450-397a312d17b9.fast5	6b5049cb-d13d-4808-8450-397a312d17b9	82dc462fc1d07e69c1507ae16e46fb64f9ab6005	0	242	1	11896.483000	12.894250	25788	TRUE	11896.548500	25657	12.828750	4490	10.173870	0.000000	70.289871	10.336746	72.710594	9.530249
84001c37-643f-4342-82e4-84677df9fe86.fast5	84001c37-643f-4342-82e4-84677df9fe86	82dc462fc1d07e69c1507ae16e46fb64f9ab6005	0	422	3	71516.815750	13.320000	26640	FALSE	71516.859750	26552	13.276000	4364	6.541097	0.000000	67.533409	9.647630	68.115173	9.270209
04de3e69-75ea-4299-a510-557ced9b6610.fast5	04de3e69-75ea-4299-a510-557ced9b6610	82dc462fc1d07e69c1507ae16e46fb64f9ab6005	0	245	3	15793.958250	27.051500	54103	TRUE	15794.098750	53822	26.911000	8876	10.943347	0.000000	68.050247	8.958513	68.199867	9.036688
dfcfe595-f944-4127-9861-75ce19697492.fast5	dfcfe595-f944-4127-9861-75ce19697492	82dc462fc1d07e69c1507ae16e46fb64f9ab6005	0	308	2	3411.100750	11.065500	22131	TRUE	3411.364750	21603	10.801500	4332	11.452984	0.000000	73.563179	8.786234	71.512596	9.521110
0c4f1054-c932-4e01-b0cb-b1ef97f56c4e.fast5	0c4f1054-c932-4e01-b0cb-b1ef97f56c4e	82dc462fc1d07e69c1507ae16e46fb64f9ab6005	0	22	3	104449.230250	37.209250	74418	TRUE	104449.271250	74336	37.168250	13200	11.301042	0.000000	74.596855	9.475350	74.734512	9.865033
6c1cd21c-77b3-4e4b-8756-5bc60fe9aeae.fast5	6c1cd21c-77b3-4e4b-8756-5bc60fe9aeae	82dc462fc1d07e69c1507ae16e46fb64f9ab6005	0	191	2	602.726250	21.905500	43811	TRUE	602.830250	43603	21.801500	9053	10.309500	0.000000	79.765228	10.164467	78.936279	10.427720
79024b59-01bd-4dbe-b2a7-76f7b0c8cbc8.fast5	79024b59-01bd-4dbe-b2a7-76f7b0c8cbc8	82dc462fc1d07e69c1507ae16e46fb64f9ab6005	0	369	4	91040.979750	12.969500	25939	TRUE	91041.107750	25683	12.841500	4570	9.984735	0.000000	68.222527	9.992188	70.214813	9.138025
fa049bd4-47c6-4eda-ae8b-af9c91292f0b.fast5	fa049bd4-47c6-4eda-ae8b-af9c91292f0b	82dc462fc1d07e69c1507ae16e46fb64f9ab6005	0	401	2	85804.867500	31.268750	62537	TRUE	85804.898000	62476	31.238250	8863	10.706120	0.000000	89.757416	9.819909	87.993416	11.976746
1ba2c497-0016-4b41-a18e-cb993728ce5b.fast5	1ba2c497-0016-4b41-a18e-cb993728ce5b	82dc462fc1d07e69c1507ae16e46fb64f9ab6005	0	497	3	83108.196750	15.416500	30833	FALSE	83108.301250	30624	15.312000	4474	6.967870	0.000000	58.402615	6.891164	57.488789	7.954957
8f5f15ee-7b42-4bb1-9f62-cebefbac7683.fast5	8f5f15ee-7b42-4bb1-9f62-cebefbac7683	82dc462fc1d07e69c1507ae16e46fb64f9ab6005	0	121	4	48277.748750	25.704000	51408	TRUE	48277.948750	51008	25.504000	8874	9.407823	0.000000	58.058060	8.441676	58.234776	7.996245
c0002b7c-c612-4a92-b033-7ed74cb59c73.fast5	c0002b7c-c612-4a92-b033-7ed74cb59c73	82dc462fc1d07e69c1507ae16e46fb64f9ab6005	0	115	3	64082.301500	13.561500	27123	TRUE	64082.542000	26642	13.321000	4434	11.109707	0.000000	64.604668	9.992188	66.628342	9.024200
010ac325-d26a-40e2-b55c-1f84689ae41a.fast5	010ac325-d26a-40e2-b55c-1f84689ae41a	82dc462fc1d07e69c1507ae16e46fb64f9ab6005	0	167	3	35606.722000	12.258250	24516	TRUE	35606.722000	24516	12.258250	4572	8.571028	0.000000	55.129314	8.269397	57.500031	8.080989
481d0b8c-0f06-4fbf-b915-aa4337c66171.fast5	481d0b8c-0f06-4fbf-b915-aa4337c66171	82dc462fc1d07e69c1507ae16e46fb64f9ab6005	0	128	3	126541.733250	30.094000	60188	TRUE	126541.780250	60094	30.047000	8961	11.140070	0.000000	93.719833	11.542700	93.306755	11.132855
1e988e7a-fcb5-493d-910a-e1b7644ed5ab.fast5	1e988e7a-fcb5-493d-910a-e1b7644ed5ab	82dc462fc1d07e69c1507ae16e46fb64f9ab6005	0	305	1	15574.086250	14.361000	28722	TRUE	15574.161250	28572	14.286000	4591	12.663918	0.000000	70.806709	10.681305	72.044067	10.024363
c39fc548-4712-4283-a40d-343256240481.fast5	c39fc548-4712-4283-a40d-343256240481	82dc462fc1d07e69c1507ae16e46fb64f9ab6005	0	292	1	7606.931000	11.135750	22271	TRUE	7607.113500	21906	10.953250	4451	7.716452	0.000000	68.050247	9.647630	70.223480	9.205334
43979774-9ad8-4b8d-b398-57a217ea7b1c.fast5	43979774-9ad8-4b8d-b398-57a217ea7b1c	82dc462fc1d07e69c1507ae16e46fb64f9ab6005	0	191	2	77826.026250	15.249250	30498	TRUE	77826.178750	30193	15.096750	4406	8.076320	0.000000	62.365036	7.408001	60.993156	8.590343
80648d5a-12c2-4dea-ab4d-0a034ac25210.fast5	80648d5a-12c2-4dea-ab4d-0a034ac25210	82dc462fc1d07e69c1507ae16e46fb64f9ab6005	0	270	4	56091.064500	13.889750	27779	TRUE	56091.128000	27652	13.826250	4433	13.183078	0.000000	68.222527	10.164467	70.935448	9.700188
66bdb0d6-631f-4910-a699-67313159e8e6.fast5	66bdb0d6-631f-4910-a699-67313159e8e6	82dc462fc1d07e69c1507ae16e46fb64f9ab6005	0	279	2	8312.652500	12.084750	24169	TRUE	8312.819000	23836	11.918250	4275	11.221062	0.000000	67.361130	10.164467	69.504677	9.037764
7123623c-9fcc-447b-a624-b32cfa21cae4.fast5	7123623c-9fcc-447b-a624-b32cfa21cae4	82dc462fc1d07e69c1507ae16e46fb64f9ab6005	0	459	4	57098.038000	68.696500	137393	TRUE	57098.205500	137058	68.529000	22399	10.623897	0.000000	69.945320	10.336746	70.485924	9.225600
7aecaa2f-5bdf-4bc9-aea5-06386a67af45.fast5	7aecaa2f-5bdf-4bc9-aea5-06386a67af45	82dc462fc1d07e69c1507ae16e46fb64f9ab6005	0	239	4	13278.803250	13.274750	26549	TRUE	13278.948250	26259	13.129750	4385	12.868633	0.000000	67.877968	10.164467	69.699760	9.313084
13d478fd-435c-41f8-9350-b8da9831fe74.fast5	13d478fd-435c-41f8-9350-b8da9831fe74	82dc462fc1d07e69c1507ae16e46fb64f9ab6005	0	187	1	37670.389500	20.274750	40549	TRUE	37670.464000	40400	20.200250	8823	8.736197	0.000000	71.151268	8.441676	71.432198	9.776347
024a83db-c1c4-4a45-bfac-73790ac88ce6.fast5	024a83db-c1c4-4a45-bfac-73790ac88ce6	82dc462fc1d07e69c1507ae16e46fb64f9ab6005	0	339	1	45535.766000	13.712000	27424	TRUE	45536.261500	26433	13.216500	4418	10.814728	0.000000	64.260109	9.819909	68.066338	9.237994
bebd15e5-fb2e-41e6-b194-68a61e9b7b05.fast5	bebd15e5-fb2e-41e6-b194-68a61e9b7b05	82dc462fc1d07e69c1507ae16e46fb64f9ab6005	0	289	4	3625.645250	10.834000	21668	TRUE	3625.813250	21332	10.666000	4470	8.282089	0.000000	73.907738	8.441676	73.526375	9.995595
4ad71129-6602-4696-81a8-2d455e043ca0.fast5	4ad71129-6602-4696-81a8-2d455e043ca0	82dc462fc1d07e69c1507ae16e46fb64f9ab6005	0	225	3	32581.068750	30.718000	61436	TRUE	32581.160750	61252	30.626000	12815	7.575587	0.000000	71.668106	8.958513	70.822594	9.473514
1dc31553-fe65-4ff2-b902-6502a28b53b9.fast5	1dc31553-fe65-4ff2-b902-6502a28b53b9	82dc462fc1d07e69c1507ae16e46fb64f9ab6005	0	237	2	28420.337750	9.911000	19822	TRUE	28420.423250	19651	9.825500	4486	11.163651	0.000000	75.458244	8.613955	73.602386	9.889385
a4c49b03-09a9-49ef-b8d2-e806daf64224.fast5	a4c49b03-09a9-49ef-b8d2-e806daf64224	82dc462fc1d07e69c1507ae16e46fb64f9ab6005	0	379	2	41562.476250	13.107750	26215	TRUE	41562.582750	26002	13.001250	4567	9.924643	0.000000	60.125408	7.408001	59.340160	8.208379
58178eb5-8792-442f-bbb1-9f1c686ac6f0.fast5	58178eb5-8792-442f-bbb1-9f1c686ac6f0	82dc462fc1d07e69c1507ae16e46fb64f9ab6005	0	110	1	38949.566500	26.566500	53133	TRUE	38949.613500	53039	26.519500	8855	11.599308	0.000000	66.499733	10.164467	69.967323	9.194847
4c730d42-21b3-4149-b46f-141392b38586.fast5	4c730d42-21b3-4149-b46f-141392b38586	82dc462fc1d07e69c1507ae16e46fb64f9ab6005	0	79	1	12197.467000	12.203500	24407	TRUE	12197.511500	24318	12.159000	4388	12.432627	0.000000	73.218620	8.441676	71.791222	9.098219
dc35f49c-4ab4-4cca-a315-d9d411b7dfaf.fast5	dc35f49c-4ab4-4cca-a315-d9d411b7dfaf	82dc462fc1d07e69c1507ae16e46fb64f9ab6005	0	73	2	40201.740750	11.549500	23099	TRUE	40201.822750	22935	11.467500	4336	8.142953	0.000000	77.870155	8.441676	76.303131	9.734217
86029047-e93c-4b28-ae3a-41798474b122.fast5	86029047-e93c-4b28-ae3a-41798474b122	82dc462fc1d07e69c1507ae16e46fb64f9ab6005	0	339	1	21479.325250	32.921000	65842	TRUE	21479.484250	65524	32.762000	13217	11.192789	0.000000	74.769135	9.475350	75.735977	9.295132
e4bbfb5a-d8aa-4d3e-a643-cf2e64efd696.fast5	e4bbfb5a-d8aa-4d3e-a643-cf2e64efd696	82dc462fc1d07e69c1507ae16e46fb64f9ab6005	0	235	3	88561.198000	12.400000	24800	TRUE	88561.272000	24652	12.326000	4319	12.071862	0.000000	71.323547	10.509026	73.494263	9.831974
e94c95aa-55a7-4156-bc4b-74c1e853038d.fast5	e94c95aa-55a7-4156-bc4b-74c1e853038d	82dc462fc1d07e69c1507ae16e46fb64f9ab6005	0	162	3	32358.799750	11.092500	22185	TRUE	32358.994250	21796	10.898000	4356	12.308700	0.000000	75.802803	9.130793	73.735138	9.490401
cc3a8924-400a-49d3-8e8d-152fc79f411b.fast5	cc3a8924-400a-49d3-8e8d-152fc79f411b	82dc462fc1d07e69c1507ae16e46fb64f9ab6005	0	479	3	6692.382250	13.090750	26181	TRUE	6692.484250	25977	12.988750	4576	12.904553	0.000000	66.499733	9.819909	68.818687	8.982047
693dfb92-cb56-4c85-982f-9cc6441f7cac.fast5	693dfb92-cb56-4c85-982f-9cc6441f7cac	82dc462fc1d07e69c1507ae16e46fb64f9ab6005	0	313	3	20989.550000	12.229750	24459	TRUE	20989.632500	24294	12.147250	4598	10.192278	0.000000	70.634430	9.992188	72.018715	9.559270
04e2797e-6a65-497f-a15f-efeaf65d5ff8.fast5	04e2797e-6a65-497f-a15f-efeaf65d5ff8	82dc462fc1d07e69c1507ae16e46fb64f9ab6005	0	350	4	54149.212250	12.906000	25812	TRUE	54149.337750	25561	12.780500	4628	12.267271	0.000000	75.802803	8.786234	75.091042	9.576267
fafc3799-ef8e-4fd5-8aad-afd0888e1c0f.fast5	fafc3799-ef8e-4fd5-8aad-afd0888e1c0f	82dc462fc1d07e69c1507ae16e46fb64f9ab6005	0	431	4	196.005250	61.794750	123589	TRUE	196.050750	123498	61.749250	26217	11.179539	0.000000	77.525597	9.992188	78.581757	10.165087
ad66347a-983f-478d-bf95-187e2c4fa775.fast5	ad66347a-983f-478d-bf95-187e2c4fa775	82dc462fc1d07e69c1507ae16e46fb64f9ab6005	0	215	3	95353.510500	11.076250	22152	TRUE	95353.523000	22127	11.063750	4362	11.908304	0.000000	70.634430	8.441676	70.831375	9.206818
a8f34ac6-62ab-41ff-b47d-6bdb07055006.fast5	a8f34ac6-62ab-41ff-b47d-6bdb07055006	82dc462fc1d07e69c1507ae16e46fb64f9ab6005	0	331	4	34056.644000	26.149500	52299	TRUE	34056.797000	51993	25.996500	9732	11.872759	0.000000	74.252296	8.786234	73.013031	9.918187
51f97946-3252-4cb6-a981-064306a06441.fast5	51f97946-3252-4cb6-a981-064306a06441	82dc462fc1d07e69c1507ae16e46fb64f9ab6005	0	34	4	9700.503500	37.589000	75178	TRUE	9700.738000	74709	37.354500	13147	9.582819	0.000000	68.567085	9.130793	68.898506	9.281588
5acb5376-096b-42e2-986d-2f05158cd3d1.fast5	5acb5376-096b-42e2-986d-2f05158cd3d1	82dc462fc1d07e69c1507ae16e46fb64f9ab6005	0	150	3	110871.562750	12.236750	24473	TRUE	110871.589250	24420	12.210250	4447	8.731359	0.000000	66.155174	9.475350	68.808090	8.842275
dde5702f-01e7-4253-b53e-8030c7532a63.fast5	dde5702f-01e7-4253-b53e-8030c7532a63	82dc462fc1d07e69c1507ae16e46fb64f9ab6005	0	440	4	8444.635750	12.942000	25884	TRUE	8444.673250	25809	12.904500	4373	11.692774	0.000000	67.533409	10.336746	68.968124	9.343248
2f929475-128c-4089-9cd9-7c6d26bd8627.fast5	2f929475-128c-4089-9cd9-7c6d26bd8627	82dc462fc1d07e69c1507ae16e46fb64f9ab6005	0	184	3	27113.645250	10.785750	21571	TRUE	27113.771750	21318	10.659250	4470	9.683627	0.000000	71.840385	8.097118	71.137466	9.071721
7413169f-9188-49bf-ac29-a27376b5db72.fast5	7413169f-9188-49bf-ac29-a27376b5db72	82dc462fc1d07e69c1507ae16e46fb64f9ab6005	0	37	4	12855.958500	20.368250	40736	TRUE	12856.057500	40538	20.269250	7575	7.826703	0.000000	71.495827	9.992188	68.516663	9.070020
8f82dbab-82fb-4711-9376-69c1f5db9680.fast5	8f82dbab-82fb-4711-9376-69c1f5db9680	82dc462fc1d07e69c1507ae16e46fb64f9ab6005	0	473	4	87821.375000	17.600500	35201	TRUE	87821.375000	35201	17.600500	4418	11.275227	0.000000	67.188850	7.752560	66.151680	8.941965
ad158df1-1503-4e32-8abc-4845f1173742.fast5	ad158df1-1503-4e32-8abc-4845f1173742	82dc462fc1d07e69c1507ae16e46fb64f9ab6005	0	136	3	77101.422250	17.610250	35220	TRUE	77101.589250	34886	17.443250	4443	9.903516	0.000000	67.016571	9.819909	69.224464	8.986906
f2b3b46a-2e60-495f-bdc6-d25b762ad3db.fast5	f2b3b46a-2e60-495f-bdc6-d25b762ad3db	82dc462fc1d07e69c1507ae16e46fb64f9ab6005	0	462	2	46811.495500	13.457500	26915	TRUE	46811.557000	26792	13.396000	4584	11.760558	0.000000	68.394806	10.164467	71.216919	9.698870
c5c193ef-2d20-4fdf-9b10-8e1a89128564.fast5	c5c193ef-2d20-4fdf-9b10-8e1a89128564	82dc462fc1d07e69c1507ae16e46fb64f9ab6005	0	190	3	4706.571750	13.094250	26188	TRUE	4706.631250	26069	13.034750	4569	12.503360	0.000000	65.638336	9.992188	68.744827	9.593944
a39b0fcd-5dc8-42c3-bb20-ba05c0bb30a4.fast5	a39b0fcd-5dc8-42c3-bb20-ba05c0bb30a4	82dc462fc1d07e69c1507ae16e46fb64f9ab6005	0	223	2	29051.468000	21.546250	43092	TRUE	29051.514000	43000	21.500250	8763	9.764952	0.000000	72.012665	9.303072	74.044449	9.613681
16f548e8-d310-48b3-96ec-82e699fded8b.fast5	16f548e8-d310-48b3-96ec-82e699fded8b	82dc462fc1d07e69c1507ae16e46fb64f9ab6005	0	499	1	31871.810000	23.673500	47347	TRUE	31871.892500	47182	23.591000	8767	9.172279	0.000000	70.978989	9.475350	72.032761	9.762565
95f1a234-ccc5-437e-8021-e12c88c67de7.fast5	95f1a234-ccc5-437e-8021-e12c88c67de7	82dc462fc1d07e69c1507ae16e46fb64f9ab6005	0	200	3	18835.582750	39.573750	79147	TRUE	18835.637750	79037	39.518750	17150	9.092985	0.000000	73.046341	9.647630	70.787247	9.191787
36673890-fe45-415d-92fd-2cdb513e8286.fast5	36673890-fe45-415d-92fd-2cdb513e8286	82dc462fc1d07e69c1507ae16e46fb64f9ab6005	0	405	4	50800.460250	25.489000	50978	TRUE	50800.657250	50584	25.292000	8762	12.805813	0.000000	78.559273	8.786234	75.463814	9.919346
7613827b-9093-4d6f-85d4-fbf6ab9ca360.fast5	7613827b-9093-4d6f-85d4-fbf6ab9ca360	82dc462fc1d07e69c1507ae16e46fb64f9ab6005	0	220	4	42506.070000	82.524500	165049	TRUE	42506.095000	164999	82.499500	30125	10.369462	0.000000	72.529503	8.958513	71.640175	9.486405
17f439c5-298b-4816-9640-8a4332c5bcd1.fast5	17f439c5-298b-4816-9640-8a4332c5bcd1	82dc462fc1d07e69c1507ae16e46fb64f9ab6005	0	305	4	971.637000	10.478250	20956	TRUE	971.776000	20678	10.339250	4458	10.670675	0.000000	70.289871	10.164467	72.868210	9.550438
aa625a7a-6e41-494e-b6c2-f125189bd3b3.fast5	aa625a7a-6e41-494e-b6c2-f125189bd3b3	82dc462fc1d07e69c1507ae16e46fb64f9ab6005	0	235	3	4698.770000	11.718500	23437	TRUE	4698.959000	23059	11.529500	4317	12.730531	0.000000	66.499733	10.164467	68.120888	9.478498
e02a0642-83ff-446f-9549-a80e77f85a41.fast5	e02a0642-83ff-446f-9549-a80e77f85a41	82dc462fc1d07e69c1507ae16e46fb64f9ab6005	0	93	2	14439.506500	12.622000	25244	TRUE	14439.581500	25094	12.547000	4397	10.800326	0.000000	70.117592	8.269397	70.191780	9.021708
515c27bc-9590-4584-8d1a-383a3de6169f.fast5	515c27bc-9590-4584-8d1a-383a3de6169f	82dc462fc1d07e69c1507ae16e46fb64f9ab6005	0	182	1	89288.538750	24.678000	49356	TRUE	89288.663750	49106	24.553000	9070	11.618546	0.000000	62.192757	9.819909	64.681091	8.734625
0a61b2b7-7d8b-4845-86d7-a4086ea05e4c.fast5	0a61b2b7-7d8b-4845-86d7-a4086ea05e4c	82dc462fc1d07e69c1507ae16e46fb64f9ab6005	0	225	4	20251.203750	24.115250	48230	TRUE	20251.423750	47790	23.895250	8841	10.721981	0.000000	69.773041	9.475350	69.077400	9.814711
f6189de4-8898-40f3-9ded-09669143c35c.fast5	f6189de4-8898-40f3-9ded-09669143c35c	82dc462fc1d07e69c1507ae16e46fb64f9ab6005	0	361	1	34262.928000	96.529250	193058	TRUE	34263.073500	192767	96.383750	39000	9.102553	0.000000	69.773041	9.647630	69.760544	9.562833
618e3047-9fb1-4273-8636-8e9ddc500a8b.fast5	618e3047-9fb1-4273-8636-8e9ddc500a8b	82dc462fc1d07e69c1507ae16e46fb64f9ab6005	0	290	2	43562.503000	53.585750	107171	TRUE	43562.668000	106841	53.420750	19354	10.011848	0.000000	75.113693	9.130793	73.822243	9.739022
27ac20d2-8acc-47a8-98d0-b86d222c6c18.fast5	27ac20d2-8acc-47a8-98d0-b86d222c6c18	82dc462fc1d07e69c1507ae16e46fb64f9ab6005	0	120	4	51827.878500	40.511250	81022	TRUE	51828.009000	80761	40.380750	13669	10.921255	0.000000	67.877968	10.336746	69.930000	9.221156
e1ffaa9b-002d-4f45-88ed-5354de30fe11.fast5	e1ffaa9b-002d-4f45-88ed-5354de30fe11	82dc462fc1d07e69c1507ae16e46fb64f9ab6005	0	392	3	11177.619250	12.611500	25223	TRUE	11177.753750	24954	12.477000	4406	12.159394	0.000000	66.155174	9.992188	69.679459	9.658476
99fbec22-82db-4000-9778-5ca2ea19a7a6.fast5	99fbec22-82db-4000-9778-5ca2ea19a7a6	82dc462fc1d07e69c1507ae16e46fb64f9ab6005	0	441	3	33594.666750	22.367750	44735	TRUE	33594.735250	44598	22.299250	8840	10.546853	0.000000	78.731552	8.958513	77.164215	9.928858
844c8f5c-62e6-4275-8495-c881f6765aaa.fast5	844c8f5c-62e6-4275-8495-c881f6765aaa	82dc462fc1d07e69c1507ae16e46fb64f9ab6005	0	359	1	10247.699750	51.785250	103570	TRUE	10248.068250	102833	51.416750	17662	10.423127	0.000000	68.567085	9.647630	68.692497	9.302625
3ccc3726-9164-4f37-b55f-63387978f1f0.fast5	3ccc3726-9164-4f37-b55f-63387978f1f0	82dc462fc1d07e69c1507ae16e46fb64f9ab6005	0	113	3	60023.060250	24.717250	49434	TRUE	60023.227250	49100	24.550250	8515	7.476646	0.000000	73.390900	9.647630	72.211563	9.414090
b65dfb29-0d5b-404f-8c67-01c2d7389026.fast5	b65dfb29-0d5b-404f-8c67-01c2d7389026	82dc462fc1d07e69c1507ae16e46fb64f9ab6005	0	109	1	45008.249500	12.834500	25669	TRUE	45008.410000	25348	12.674000	4461	13.724167	0.000000	73.907738	8.613955	74.323509	9.455013
156131a5-07e6-4bba-8f2e-3f4a39517931.fast5	156131a5-07e6-4bba-8f2e-3f4a39517931	82dc462fc1d07e69c1507ae16e46fb64f9ab6005	0	126	1	43238.719250	12.977500	25955	TRUE	43238.761250	25871	12.935500	4489	11.447009	0.000000	70.634430	10.164467	73.791626	9.438576
0100e84e-b217-4960-8eb4-081f8ee83f82.fast5	0100e84e-b217-4960-8eb4-081f8ee83f82	82dc462fc1d07e69c1507ae16e46fb64f9ab6005	0	442	3	161403.615000	16.543750	33087	TRUE	161403.646000	33025	16.512750	4548	11.306107	0.000000	67.877968	10.336746	70.327065	9.067762
6a85db1c-7759-408c-99ac-153b19bfb01c.fast5	6a85db1c-7759-408c-99ac-153b19bfb01c	82dc462fc1d07e69c1507ae16e46fb64f9ab6005	0	505	3	57910.023500	15.324750	30649	TRUE	57910.061000	30574	15.287250	4577	11.476219	0.000000	75.285965	11.025863	78.718567	10.038837
b110acc2-d2ba-4138-b071-faf69fd1a34b.fast5	b110acc2-d2ba-4138-b071-faf69fd1a34b	82dc462fc1d07e69c1507ae16e46fb64f9ab6005	0	385	4	8186.689500	13.451000	26902	TRUE	8187.145000	25991	12.995500	4560	12.644994	0.000000	69.256203	10.336746	71.816628	9.061255
ea12ee6f-acd4-4b05-afbc-a220eacfce0e.fast5	ea12ee6f-acd4-4b05-afbc-a220eacfce0e	82dc462fc1d07e69c1507ae16e46fb64f9ab6005	0	33	2	107701.887750	71.025750	142051	TRUE	107702.125250	141576	70.788250	22953	8.993137	0.000000	83.038528	10.509026	81.616692	11.214633
20e04879-a854-4822-ba0b-9494c7641c59.fast5	20e04879-a854-4822-ba0b-9494c7641c59	82dc462fc1d07e69c1507ae16e46fb64f9ab6005	0	185	4	46660.123750	48.428750	96857	TRUE	46660.579750	95945	47.972750	17296	9.501211	0.000000	56.852104	8.097118	57.563236	7.894563
b7ce19d7-11a8-4ccc-a4f0-60847e270654.fast5	b7ce19d7-11a8-4ccc-a4f0-60847e270654	82dc462fc1d07e69c1507ae16e46fb64f9ab6005	0	423	4	110372.892000	25.603500	51207	TRUE	110372.978500	51034	25.517000	8854	11.891021	0.000000	70.634430	10.509026	73.918365	9.779121
58060894-11dd-4c08-9650-b330fda0f9cd.fast5	58060894-11dd-4c08-9650-b330fda0f9cd	82dc462fc1d07e69c1507ae16e46fb64f9ab6005	0	169	1	9418.122500	33.401500	66803	TRUE	9418.244500	66559	33.279500	12142	7.551406	0.000000	74.941414	9.647630	75.306793	10.328126
02192130-16b7-4214-b258-79a8279f07cf.fast5	02192130-16b7-4214-b258-79a8279f07cf	82dc462fc1d07e69c1507ae16e46fb64f9ab6005	0	397	3	42509.305750	12.454500	24909	TRUE	42509.442750	24635	12.317500	4498	8.694313	0.000000	72.357224	8.097118	71.132446	9.577435
cfefa04a-b45e-4581-827b-8c13d4f4223b.fast5	cfefa04a-b45e-4581-827b-8c13d4f4223b	82dc462fc1d07e69c1507ae16e46fb64f9ab6005	0	446	4	10673.948500	12.876250	25752	TRUE	10674.167000	25315	12.657750	4558	10.985552	0.000000	67.705688	10.164467	69.075356	9.080359
d0652af3-cf2d-4271-a853-c824374e7aef.fast5	d0652af3-cf2d-4271-a853-c824374e7aef	82dc462fc1d07e69c1507ae16e46fb64f9ab6005	0	119	1	35312.421750	47.821250	95642	TRUE	35312.490250	95505	47.752750	18194	11.589949	0.000000	69.083923	8.958513	67.965149	9.187300
fda83784-4ee9-4df4-b175-5cce727f45ee.fast5	fda83784-4ee9-4df4-b175-5cce727f45ee	82dc462fc1d07e69c1507ae16e46fb64f9ab6005	0	98	1	19965.179500	11.003000	22006	TRUE	19965.469000	21427	10.713500	4441	11.147676	0.000000	68.911644	8.269397	66.617226	9.638062
07f13b1d-93f1-4b4b-8978-dc0ece350eaa.fast5	07f13b1d-93f1-4b4b-8978-dc0ece350eaa	82dc462fc1d07e69c1507ae16e46fb64f9ab6005	0	241	2	116996.751250	29.824750	59649	TRUE	116996.793250	59565	29.782750	9285	11.144399	0.000000	69.428482	10.509026	72.695587	9.310651
81ae5d0b-7517-4916-ab1f-0c824b0ecda6.fast5	81ae5d0b-7517-4916-ab1f-0c824b0ecda6	82dc462fc1d07e69c1507ae16e46fb64f9ab6005	0	259	4	14877.763500	14.318500	28637	TRUE	14877.879500	28405	14.202500	4391	11.966239	0.000000	65.466057	9.992188	68.853813	9.084381
5c7b2535-388f-41d5-8b39-93690897376c.fast5	5c7b2535-388f-41d5-8b39-93690897376c	82dc462fc1d07e69c1507ae16e46fb64f9ab6005	0	351	2	41633.770500	12.591500	25183	TRUE	41633.856000	25012	12.506000	4554	11.586921	0.000000	74.941414	8.441676	73.681923	9.381718
e9bd8783-ac3c-4bbf-94cb-0bf2ff5ff61a.fast5	e9bd8783-ac3c-4bbf-94cb-0bf2ff5ff61a	82dc462fc1d07e69c1507ae16e46fb64f9ab6005	0	320	3	19604.701500	68.854500	137709	TRUE	19605.119500	136873	68.436500	31364	9.681684	0.000000	70.978989	9.475350	69.808395	9.090371
7dcac916-1931-4316-bb55-d7b5e4019818.fast5	7dcac916-1931-4316-bb55-d7b5e4019818	82dc462fc1d07e69c1507ae16e46fb64f9ab6005	0	285	1	35074.315250	11.104250	22208	TRUE	35074.409250	22020	11.010250	4378	10.103840	0.000000	74.769135	8.613955	72.507393	9.346078
c836f151-fd65-452f-9db0-8b6c83479488.fast5	c836f151-fd65-452f-9db0-8b6c83479488	82dc462fc1d07e69c1507ae16e46fb64f9ab6005	0	102	1	51575.879500	12.620000	25240	TRUE	51575.898000	25203	12.601500	4452	12.559556	0.000000	75.285965	8.958513	74.195541	9.709133
38fc9ec6-3fb1-4251-b23f-b2c2bb236b45.fast5	38fc9ec6-3fb1-4251-b23f-b2c2bb236b45	82dc462fc1d07e69c1507ae16e46fb64f9ab6005	0	94	2	31556.118250	11.293250	22586	TRUE	31556.159750	22503	11.251750	4460	12.354962	0.000000	70.117592	8.269397	69.528275	9.114980
14f8b17d-b4a9-4503-a5c7-2191a4165e21.fast5	14f8b17d-b4a9-4503-a5c7-2191a4165e21	82dc462fc1d07e69c1507ae16e46fb64f9ab6005	0	455	4	13373.603500	12.569000	25138	TRUE	13373.627500	25090	12.545000	4537	12.822004	0.000000	70.289871	8.269397	69.922264	8.761175
f3021c21-5023-4c39-8b79-00bf87d878c3.fast5	f3021c21-5023-4c39-8b79-00bf87d878c3	82dc462fc1d07e69c1507ae16e46fb64f9ab6005	0	122	4	19407.606750	11.134500	22269	TRUE	19407.618250	22246	11.123000	4583	12.030705	0.000000	71.495827	8.613955	69.264214	9.364631
bad9f66f-1288-442a-965d-8f33666d52e8.fast5	bad9f66f-1288-442a-965d-8f33666d52e8	82dc462fc1d07e69c1507ae16e46fb64f9ab6005	0	245	3	54235.058500	13.396250	26792	TRUE	54235.158000	26593	13.296750	4482	12.242165	0.000000	67.533409	10.164467	70.445770	9.479517
ffcdac70-fec1-4e7e-8369-a549582a83d2.fast5	ffcdac70-fec1-4e7e-8369-a549582a83d2	82dc462fc1d07e69c1507ae16e46fb64f9ab6005	0	104	4	58359.323000	13.187250	26374	TRUE	58359.395500	26229	13.114750	4472	9.825430	0.000000	65.293777	9.647630	67.859840	8.982093
d5d95d5b-afc7-4edb-897e-ae58dd87708a.fast5	d5d95d5b-afc7-4edb-897e-ae58dd87708a	82dc462fc1d07e69c1507ae16e46fb64f9ab6005	0	107	1	15559.046500	66.196000	132392	TRUE	15559.089000	132307	66.153500	22373	10.625070	0.000000	68.911644	9.475350	70.232056	10.218204
42aa6a0f-36d3-4b02-a737-2292628d4576.fast5	42aa6a0f-36d3-4b02-a737-2292628d4576	82dc462fc1d07e69c1507ae16e46fb64f9ab6005	0	510	2	50991.507000	13.596500	27193	TRUE	50991.530500	27146	13.573000	4559	12.522054	0.000000	78.042435	9.130793	77.877190	9.658285
6d42c546-4026-414e-a621-242a253313c4.fast5	6d42c546-4026-414e-a621-242a253313c4	82dc462fc1d07e69c1507ae16e46fb64f9ab6005	0	172	1	27086.861000	11.145000	22290	TRUE	27087.073000	21866	10.933000	4533	10.656582	0.000000	77.525597	8.786234	73.969704	9.277791
