filename	read_id	run_id	batch_id	channel	mux	start_time	duration	num_events	passes_filtering	template_start	num_events_template	template_duration	sequence_length_template	mean_qscore_template	strand_score_template	median_template	mad_template	scaling_median_template	scaling_mad_template
c91dbad9-eeb1-4cdb-acde-bcf3443fff60.fast5	c91dbad9-eeb1-4cdb-acde-bcf3443fff60	82dc462fc1d07e69c1507ae16e46fb64f9ab6005	0	216	2	38964.762250	35.623500	35623	TRUE	38965.299250	35086	35.086500	13097	10.585235	0.000000	69.945320	9.647630	71.496506	9.448089
422ea9af-ea1a-4836-8994-7fb584e6d4d5.fast5	422ea9af-ea1a-4836-8994-7fb584e6d4d5	82dc462fc1d07e69c1507ae16e46fb64f9ab6005	0	267	4	33428.441250	34.636500	34636	TRUE	33428.536250	34541	34.541500	13470	10.736974	0.000000	74.080017	9.303072	72.761475	9.439420
9f05195a-24a8-4af4-bb14-ae7b8f71d12b.fast5	9f05195a-24a8-4af4-bb14-ae7b8f71d12b	82dc462fc1d07e69c1507ae16e46fb64f9ab6005	0	180	3	134538.196250	13.706750	13706	TRUE	134538.313250	13589	13.589750	4636	10.882235	0.000000	78.903831	8.958513	76.576096	9.575180
b9426932-2539-4835-b330-63e9f3b6a6a7.fast5	b9426932-2539-4835-b330-63e9f3b6a6a7	82dc462fc1d07e69c1507ae16e46fb64f9ab6005	0	168	3	21387.568750	11.871250	11871	TRUE	21387.639750	11800	11.800250	4509	10.994234	0.000000	66.499733	10.164467	68.768562	9.604295
ad015e0b-6398-4645-9374-d10195efed59.fast5	ad015e0b-6398-4645-9374-d10195efed59	82dc462fc1d07e69c1507ae16e46fb64f9ab6005	0	79	3	18546.350500	14.240750	14240	TRUE	18546.392500	14198	14.198750	4642	10.936420	0.000000	73.390900	8.441676	72.542252	9.303162
1aae1c9a-939b-4026-8016-f82e4cc89383.fast5	1aae1c9a-939b-4026-8016-f82e4cc89383	82dc462fc1d07e69c1507ae16e46fb64f9ab6005	0	508	3	21863.235750	11.543750	11543	TRUE	21863.250750	11528	11.528750	4485	10.139074	0.000000	70.462151	10.164467	72.212769	9.014191
a0af9b8b-65d5-4536-b0ba-8087a6fc38cd.fast5	a0af9b8b-65d5-4536-b0ba-8087a6fc38cd	82dc462fc1d07e69c1507ae16e46fb64f9ab6005	0	165	2	30470.108000	39.592000	39592	TRUE	30470.234000	39466	39.466000	13545	10.118129	0.000000	60.986801	9.647630	62.858448	8.556380
9b403aa1-180f-42ce-b2dc-c9bb54f61c18.fast5	9b403aa1-180f-42ce-b2dc-c9bb54f61c18	82dc462fc1d07e69c1507ae16e46fb64f9ab6005	0	69	4	25127.795000	65.029250	65029	TRUE	25128.013000	64811	64.811250	26056	10.021688	0.000000	72.184944	9.303072	70.671127	9.216595
0eeebc7a-9754-408d-9884-136de4d219d0.fast5	0eeebc7a-9754-408d-9884-136de4d219d0	82dc462fc1d07e69c1507ae16e46fb64f9ab6005	0	352	3	72476.493000	14.522500	14522	TRUE	72476.627000	14388	14.388500	4603	10.957293	0.000000	74.424576	8.441676	72.987762	9.346853
68e450b2-411e-4442-8230-dde7a66984e9.fast5	68e450b2-411e-4442-8230-dde7a66984e9	82dc462fc1d07e69c1507ae16e46fb64f9ab6005	0	455	3	92654.959250	25.985750	25985	TRUE	92655.083250	25861	25.861750	9069	11.633038	0.000000	70.462151	10.509026	73.491356	9.339266
dcb5325e-3fb7-4b36-b155-2b5e044f8516.fast5	dcb5325e-3fb7-4b36-b155-2b5e044f8516	82dc462fc1d07e69c1507ae16e46fb64f9ab6005	0	95	1	51808.691500	12.702750	12702	TRUE	51808.719500	12674	12.674750	4380	11.795907	0.000000	68.911644	10.336746	71.123421	9.448544
7c56d85a-17cd-4ff4-977e-19add03e04c7.fast5	7c56d85a-17cd-4ff4-977e-19add03e04c7	82dc462fc1d07e69c1507ae16e46fb64f9ab6005	0	292	4	114948.203250	28.294250	28294	TRUE	114948.262250	28235	28.235250	9765	8.132897	0.000000	73.390900	9.475350	73.661369	9.347205
bb1cc025-223f-4607-92dc-3398fdcff172.fast5	bb1cc025-223f-4607-92dc-3398fdcff172	82dc462fc1d07e69c1507ae16e46fb64f9ab6005	0	45	1	49524.477500	67.639000	67639	TRUE	49524.501500	67615	67.615000	23127	9.002429	0.000000	68.050247	9.992188	70.253258	9.268269
fe93f663-3589-4918-a4c3-ef9aa67da6d5.fast5	fe93f663-3589-4918-a4c3-ef9aa67da6d5	82dc462fc1d07e69c1507ae16e46fb64f9ab6005	0	419	1	26918.149250	36.561500	36561	TRUE	26918.298250	36412	36.412500	13027	10.827974	0.000000	73.735458	8.613955	73.992989	10.085681
c88b9c3a-7514-4184-a12f-e3e33685ec03.fast5	c88b9c3a-7514-4184-a12f-e3e33685ec03	82dc462fc1d07e69c1507ae16e46fb64f9ab6005	0	327	2	62275.000250	24.525500	24525	TRUE	62275.095250	24430	24.430500	8360	7.569535	0.000000	60.642246	8.269397	59.375198	7.988707
dffc0960-deaf-4ffb-810e-15e26d8495ff.fast5	dffc0960-deaf-4ffb-810e-15e26d8495ff	82dc462fc1d07e69c1507ae16e46fb64f9ab6005	0	463	1	52600.736750	27.144000	27144	TRUE	52600.766750	27114	27.114000	9377	8.333625	0.000000	67.705688	9.130793	68.685852	8.993363
36157c00-d422-4553-bb84-db919ce7ad4f.fast5	36157c00-d422-4553-bb84-db919ce7ad4f	82dc462fc1d07e69c1507ae16e46fb64f9ab6005	0	302	4	11707.616000	23.186000	23186	TRUE	11707.688000	23114	23.114000	9062	9.935791	0.000000	73.390900	8.441676	72.723663	9.289750
ea418c21-47f6-46b5-9ded-4f07764b1cd0.fast5	ea418c21-47f6-46b5-9ded-4f07764b1cd0	82dc462fc1d07e69c1507ae16e46fb64f9ab6005	0	52	2	9969.696250	27.378000	27378	TRUE	9970.034250	27040	27.040000	8983	10.798708	0.000000	66.844292	9.992188	68.576515	9.215464
ebed6ed8-23e7-4bf0-91bb-9a075197b87f.fast5	ebed6ed8-23e7-4bf0-91bb-9a075197b87f	82dc462fc1d07e69c1507ae16e46fb64f9ab6005	0	82	2	29621.192500	12.141250	12141	TRUE	29621.304500	12029	12.029250	4345	10.044876	0.000000	75.285965	8.613955	72.877968	10.156925
5f185c28-e3ef-4d1d-b920-ddab0410d4b2.fast5	5f185c28-e3ef-4d1d-b920-ddab0410d4b2	82dc462fc1d07e69c1507ae16e46fb64f9ab6005	0	330	4	6349.455000	12.041250	12041	TRUE	6349.560000	11936	11.936250	4316	10.598966	0.000000	72.012665	10.681305	74.111847	10.023340
09924459-e82c-411e-a0a8-4cdca36564c5.fast5	09924459-e82c-411e-a0a8-4cdca36564c5	82dc462fc1d07e69c1507ae16e46fb64f9ab6005	0	36	4	32565.047250	34.448500	34448	TRUE	32565.433250	34062	34.062500	12979	9.301342	0.000000	68.394806	8.958513	68.838936	9.644088
25acfd2e-91e6-4da4-ad3c-f6da41279748.fast5	25acfd2e-91e6-4da4-ad3c-f6da41279748	82dc462fc1d07e69c1507ae16e46fb64f9ab6005	0	371	2	108867.860750	13.725250	13725	TRUE	108867.915750	13670	13.670250	4331	10.353852	0.000000	81.832573	9.475350	78.842308	10.448147
05e1b8f1-a261-4aeb-b58f-adacef0a5146.fast5	05e1b8f1-a261-4aeb-b58f-adacef0a5146	82dc462fc1d07e69c1507ae16e46fb64f9ab6005	0	91	4	39048.708000	12.505000	12505	TRUE	39048.912000	12301	12.301000	4519	10.626237	0.000000	72.529503	8.269397	70.776680	9.181199
e3020eb6-d41e-4c31-b2ad-df22dc013c89.fast5	e3020eb6-d41e-4c31-b2ad-df22dc013c89	82dc462fc1d07e69c1507ae16e46fb64f9ab6005	0	457	4	117653.968500	45.476000	45476	TRUE	117654.012500	45432	45.432000	13743	9.495264	0.000000	63.743267	9.130793	64.571136	8.848742
5edf3dbd-cf0c-4ff9-87a4-eb84a195e7f9.fast5	5edf3dbd-cf0c-4ff9-87a4-eb84a195e7f9	82dc462fc1d07e69c1507ae16e46fb64f9ab6005	0	338	1	61085.322000	104.315250	104315	TRUE	61085.392000	104245	104.245250	34268	9.364953	0.000000	72.012665	9.819909	70.943596	10.071869
4c2474ac-27c9-4d58-ae1a-b7dccbab1d49.fast5	4c2474ac-27c9-4d58-ae1a-b7dccbab1d49	82dc462fc1d07e69c1507ae16e46fb64f9ab6005	0	321	1	7737.681500	34.704000	34704	TRUE	7737.773500	34612	34.612000	12917	9.116673	0.000000	72.874062	9.819909	73.775055	9.754987
e5a0e67c-68d4-4462-9faf-5470b3456c34.fast5	e5a0e67c-68d4-4462-9faf-5470b3456c34	82dc462fc1d07e69c1507ae16e46fb64f9ab6005	0	260	2	19497.709750	10.991750	10991	TRUE	19497.721750	10979	10.979750	4447	8.435978	0.000000	63.226433	9.303072	65.067215	8.850825
4509ee01-1350-4f58-85f0-f8f44cf53258.fast5	4509ee01-1350-4f58-85f0-f8f44cf53258	82dc462fc1d07e69c1507ae16e46fb64f9ab6005	0	112	1	134466.715250	14.606250	14606	TRUE	134466.903250	14418	14.418250	4417	7.296110	0.000000	52.717407	6.546606	53.661385	7.560028
e6e21d34-9ea6-4bba-b768-361e2d778d04.fast5	e6e21d34-9ea6-4bba-b768-361e2d778d04	82dc462fc1d07e69c1507ae16e46fb64f9ab6005	0	349	4	14709.551250	13.310250	13310	TRUE	14709.962250	12899	12.899250	4473	10.690187	0.000000	72.874062	8.269397	71.042618	9.228937
ad73ac14-5124-4cc6-b3b5-78bcfd06e7e7.fast5	ad73ac14-5124-4cc6-b3b5-78bcfd06e7e7	82dc462fc1d07e69c1507ae16e46fb64f9ab6005	0	132	1	115463.254000	37.131500	37131	TRUE	115463.400000	36985	36.985500	12788	8.155245	0.000000	85.105881	9.819909	84.385193	10.405786
cd631012-5c5d-486d-8340-c12f3c71f942.fast5	cd631012-5c5d-486d-8340-c12f3c71f942	82dc462fc1d07e69c1507ae16e46fb64f9ab6005	0	381	2	34015.092000	12.842500	12842	TRUE	34015.092000	12842	12.842500	4429	7.832379	0.000000	60.986801	6.718885	59.992592	8.337405
4db217de-3ca6-4fd9-8d6b-ed4826f1ce1a.fast5	4db217de-3ca6-4fd9-8d6b-ed4826f1ce1a	82dc462fc1d07e69c1507ae16e46fb64f9ab6005	0	94	3	697.301250	10.789000	10789	TRUE	697.478250	10612	10.612000	4356	11.327701	0.000000	82.693970	9.647630	79.348526	10.246095
61a275b5-e525-44b2-b69d-3de4ad9c60eb.fast5	61a275b5-e525-44b2-b69d-3de4ad9c60eb	82dc462fc1d07e69c1507ae16e46fb64f9ab6005	0	302	3	41511.953250	37.429000	37429	TRUE	41511.975250	37407	37.407000	12938	8.760152	0.000000	70.978989	10.336746	73.355614	9.674867
7816198c-7eb0-490f-ab2b-31135b40441e.fast5	7816198c-7eb0-490f-ab2b-31135b40441e	82dc462fc1d07e69c1507ae16e46fb64f9ab6005	0	371	3	134410.369500	18.027000	18027	TRUE	134410.455500	17941	17.941000	5743	10.722340	0.000000	87.345505	9.647630	83.901428	10.643584
5444427e-7553-4c98-81a8-17fd778f67cf.fast5	5444427e-7553-4c98-81a8-17fd778f67cf	82dc462fc1d07e69c1507ae16e46fb64f9ab6005	0	493	4	70368.116000	14.109000	14109	TRUE	70368.145000	14080	14.080000	4415	11.299044	0.000000	74.596855	8.786234	74.017975	9.790235
53da65c1-7695-4fb4-943e-8db626ef8a28.fast5	53da65c1-7695-4fb4-943e-8db626ef8a28	82dc462fc1d07e69c1507ae16e46fb64f9ab6005	0	265	2	30807.503750	42.071250	42071	TRUE	30807.535750	42039	42.039250	9115	9.789326	0.000000	70.289871	10.509026	72.794724	9.468031
ee9bc698-e7a7-4684-a4ce-35dbd065ea01.fast5	ee9bc698-e7a7-4684-a4ce-35dbd065ea01	82dc462fc1d07e69c1507ae16e46fb64f9ab6005	0	146	3	26511.155250	11.054750	11054	TRUE	26511.377250	10832	10.832750	4249	10.258240	0.000000	69.773041	8.441676	68.609352	9.172636
1d2fb543-6e58-4865-81fc-8c7e037eddc7.fast5	1d2fb543-6e58-4865-81fc-8c7e037eddc7	82dc462fc1d07e69c1507ae16e46fb64f9ab6005	0	300	3	28766.866250	11.819000	11819	TRUE	28766.906250	11779	11.779000	4493	10.588676	0.000000	74.941414	8.786234	74.063904	9.680566
960025e2-d4e9-419a-93d2-00f2e8231cbb.fast5	960025e2-d4e9-419a-93d2-00f2e8231cbb	82dc462fc1d07e69c1507ae16e46fb64f9ab6005	0	318	1	6856.697500	13.013500	13013	TRUE	6856.761500	12949	12.949500	4416	10.937800	0.000000	66.499733	9.647630	70.541374	9.568022
12659775-e457-489b-b29c-ab6e1638561f.fast5	12659775-e457-489b-b29c-ab6e1638561f	82dc462fc1d07e69c1507ae16e46fb64f9ab6005	0	206	1	94796.165750	12.130250	12130	TRUE	94796.311750	11984	11.984250	4462	8.484567	0.000000	57.368942	9.130793	59.061142	8.315061
b54c6494-4cae-4514-acaa-93932bd6921a.fast5	b54c6494-4cae-4514-acaa-93932bd6921a	82dc462fc1d07e69c1507ae16e46fb64f9ab6005	0	54	4	6166.317250	24.186000	24186	TRUE	6166.528250	23975	23.975000	8620	10.193036	0.000000	68.911644	10.336746	70.778976	9.405466
caca8808-8edb-4805-b777-e5a13b48c2ad.fast5	caca8808-8edb-4805-b777-e5a13b48c2ad	82dc462fc1d07e69c1507ae16e46fb64f9ab6005	0	253	3	92163.527250	13.053500	13053	TRUE	92163.564250	13016	13.016500	4341	10.709977	0.000000	72.357224	8.613955	70.545036	9.685384
238268ff-dad4-434d-bac1-34cabe7a9eff.fast5	238268ff-dad4-434d-bac1-34cabe7a9eff	82dc462fc1d07e69c1507ae16e46fb64f9ab6005	0	400	2	574.950750	10.720750	10720	TRUE	575.000750	10670	10.670750	4492	10.785789	0.000000	82.521690	9.303072	81.904922	10.511125
e7ae8912-8377-4db8-b9cc-a130e638aab9.fast5	e7ae8912-8377-4db8-b9cc-a130e638aab9	82dc462fc1d07e69c1507ae16e46fb64f9ab6005	0	148	4	17530.007000	14.726250	14726	TRUE	17530.349000	14384	14.384250	4604	11.104531	0.000000	66.844292	9.992188	69.738228	9.607231
0b938e6e-68ca-475c-ac16-fb72ed17560c.fast5	0b938e6e-68ca-475c-ac16-fb72ed17560c	82dc462fc1d07e69c1507ae16e46fb64f9ab6005	0	474	3	30737.199500	24.159500	24159	TRUE	30737.243500	24115	24.115500	8877	10.539918	0.000000	72.012665	8.441676	71.183914	9.283624
83172331-5a0f-4eb1-8bc2-215596c88aa8.fast5	83172331-5a0f-4eb1-8bc2-215596c88aa8	82dc462fc1d07e69c1507ae16e46fb64f9ab6005	0	185	4	47466.524250	37.252250	37252	TRUE	47466.584250	37192	37.192250	13013	8.945992	0.000000	57.885780	7.235723	59.322704	8.016046
97f64442-a35e-47a9-93da-2bbaa20a1dca.fast5	97f64442-a35e-47a9-93da-2bbaa20a1dca	82dc462fc1d07e69c1507ae16e46fb64f9ab6005	0	358	1	71317.294000	13.371750	13371	TRUE	71317.323000	13342	13.342750	4383	8.542533	0.000000	65.982895	7.580281	66.746956	8.553104
5d82cca5-18d8-4fea-9814-63d7f81fa4d2.fast5	5d82cca5-18d8-4fea-9814-63d7f81fa4d2	82dc462fc1d07e69c1507ae16e46fb64f9ab6005	0	274	3	963.099500	10.540500	10540	TRUE	963.402500	10237	10.237500	4284	10.282041	0.000000	70.462151	10.509026	71.737465	9.599646
cffd74d1-83da-4188-8c10-5d54f4ac55ad.fast5	cffd74d1-83da-4188-8c10-5d54f4ac55ad	82dc462fc1d07e69c1507ae16e46fb64f9ab6005	0	322	3	79316.435500	31.440750	31440	TRUE	79316.435500	31440	31.440750	9247	10.510784	0.000000	62.192757	9.647630	63.704514	8.740426
ad840bef-8e82-42d5-b3a0-8436c314df83.fast5	ad840bef-8e82-42d5-b3a0-8436c314df83	82dc462fc1d07e69c1507ae16e46fb64f9ab6005	0	484	3	19169.243000	9.588750	9588	TRUE	19169.285000	9546	9.546750	4489	10.150892	0.000000	70.117592	8.269397	69.552917	9.218434
615671b8-5e37-413c-81c7-46977f540310.fast5	615671b8-5e37-413c-81c7-46977f540310	82dc462fc1d07e69c1507ae16e46fb64f9ab6005	0	362	1	19243.169750	10.528000	10528	TRUE	19243.514750	10183	10.183000	4392	10.366255	0.000000	70.978989	10.853583	72.781944	9.849848
939efa1b-b908-42b8-b7c3-8b6da262c01a.fast5	939efa1b-b908-42b8-b7c3-8b6da262c01a	82dc462fc1d07e69c1507ae16e46fb64f9ab6005	0	342	1	96663.788250	11.762250	11762	TRUE	96663.927250	11623	11.623250	4576	9.994333	0.000000	71.668106	8.441676	69.436440	9.200636
7fae4fb3-f19d-4a4a-b54e-df50ea4657b0.fast5	7fae4fb3-f19d-4a4a-b54e-df50ea4657b0	82dc462fc1d07e69c1507ae16e46fb64f9ab6005	0	113	1	32075.427000	31.367750	31367	TRUE	32075.462000	31332	31.332750	12130	8.797062	0.000000	73.390900	9.130793	73.583191	9.550620
1683fe6e-5fe0-4ca8-a139-e870f60025cc.fast5	1683fe6e-5fe0-4ca8-a139-e870f60025cc	82dc462fc1d07e69c1507ae16e46fb64f9ab6005	0	500	4	44661.787500	35.940000	35940	TRUE	44661.875500	35852	35.852000	13215	11.697835	0.000000	76.147362	8.786234	74.062454	9.856736
ce3562d8-d2fc-4dff-88ee-909723e0f131.fast5	ce3562d8-d2fc-4dff-88ee-909723e0f131	82dc462fc1d07e69c1507ae16e46fb64f9ab6005	0	359	3	53470.607000	12.749750	12749	TRUE	53470.655000	12701	12.701750	4515	10.792295	0.000000	75.113693	8.786234	73.426132	9.317070
1e6aa86f-1b10-40dd-8cb4-b85a21d70956.fast5	1e6aa86f-1b10-40dd-8cb4-b85a21d70956	82dc462fc1d07e69c1507ae16e46fb64f9ab6005	0	445	2	6832.219750	12.132500	12132	TRUE	6832.468750	11883	11.883500	4534	10.328468	0.000000	72.874062	8.786234	71.458946	9.309295
ccb26c72-f64c-4dc5-8f1f-e0aec4c9d317.fast5	ccb26c72-f64c-4dc5-8f1f-e0aec4c9d317	82dc462fc1d07e69c1507ae16e46fb64f9ab6005	0	39	3	37134.973500	12.876250	12876	TRUE	37135.276500	12573	12.573250	4372	8.288124	0.000000	67.877968	9.992188	70.457428	9.345280
68fcd9a5-f868-4b1c-a59d-7f9fd52ca772.fast5	68fcd9a5-f868-4b1c-a59d-7f9fd52ca772	82dc462fc1d07e69c1507ae16e46fb64f9ab6005	0	298	1	56701.620000	11.422250	11422	TRUE	56701.671000	11371	11.371250	4363	10.245194	0.000000	79.420670	9.303072	77.784554	10.782661
7712434c-31b8-479f-9fa5-2ef53e48eb1b.fast5	7712434c-31b8-479f-9fa5-2ef53e48eb1b	82dc462fc1d07e69c1507ae16e46fb64f9ab6005	0	504	1	107853.638750	23.937000	23937	TRUE	107853.873750	23702	23.702000	8408	8.641140	0.000000	61.159081	8.441676	60.607189	8.341969
3b691e26-ab78-4562-84fd-55e7bb550eca.fast5	3b691e26-ab78-4562-84fd-55e7bb550eca	82dc462fc1d07e69c1507ae16e46fb64f9ab6005	0	23	3	19541.824000	22.275000	22275	TRUE	19541.936000	22163	22.163000	8713	9.700515	0.000000	65.293777	9.647630	67.754822	8.949033
e7f695f2-584c-4ec3-87f0-3498e2547d61.fast5	e7f695f2-584c-4ec3-87f0-3498e2547d61	82dc462fc1d07e69c1507ae16e46fb64f9ab6005	0	351	3	36923.967750	12.653500	12653	TRUE	36924.094750	12526	12.526500	4492	10.226930	0.000000	69.083923	10.164467	71.337746	8.881289
9f8621fa-5720-438c-943e-2f43d1eaa881.fast5	9f8621fa-5720-438c-943e-2f43d1eaa881	82dc462fc1d07e69c1507ae16e46fb64f9ab6005	0	403	1	15148.748500	67.514000	67514	TRUE	15148.873500	67389	67.389000	22115	10.234887	0.000000	73.735458	8.958513	71.563560	9.402699
f0f367d4-01ae-4817-8a2e-a7e920a0ad94.fast5	f0f367d4-01ae-4817-8a2e-a7e920a0ad94	82dc462fc1d07e69c1507ae16e46fb64f9ab6005	0	199	4	56989.326000	13.153500	13153	TRUE	56989.414000	13065	13.065500	4431	11.495740	0.000000	75.113693	8.613955	74.275650	10.157928
7f9a0b21-37e2-45e7-9da8-8d6b6b3e34a7.fast5	7f9a0b21-37e2-45e7-9da8-8d6b6b3e34a7	82dc462fc1d07e69c1507ae16e46fb64f9ab6005	0	14	3	24038.384000	11.561500	11561	TRUE	24038.420000	11525	11.525500	4307	10.592525	0.000000	73.218620	8.613955	72.938080	9.448954
f11ad47b-5637-4819-892b-dbb1a84d0817.fast5	f11ad47b-5637-4819-892b-dbb1a84d0817	82dc462fc1d07e69c1507ae16e46fb64f9ab6005	0	125	3	26766.108250	70.531250	70531	TRUE	26766.287250	70352	70.352250	26921	10.138279	0.000000	69.600761	9.647630	69.528740	9.470483
100d61e0-a968-4e38-afee-ae03f6a9b642.fast5	100d61e0-a968-4e38-afee-ae03f6a9b642	82dc462fc1d07e69c1507ae16e46fb64f9ab6005	0	503	3	38110.660000	40.981000	40981	TRUE	38110.902000	40739	40.739000	14959	10.087627	0.000000	72.701782	8.958513	70.917320	9.237772
87e43762-0369-4a89-b745-a45c9245c2ae.fast5	87e43762-0369-4a89-b745-a45c9245c2ae	82dc462fc1d07e69c1507ae16e46fb64f9ab6005	0	386	4	40006.211250	35.587000	35587	TRUE	40006.351250	35447	35.447000	12972	10.380818	0.000000	73.046341	9.303072	72.323486	9.289581
cdd7bece-a1ad-45c7-a38b-7c9ce75d5ed1.fast5	cdd7bece-a1ad-45c7-a38b-7c9ce75d5ed1	82dc462fc1d07e69c1507ae16e46fb64f9ab6005	0	296	4	8263.420750	39.475250	39475	TRUE	8263.640750	39255	39.255250	13310	11.678797	0.000000	67.188850	10.164467	68.264839	9.298503
cdfc1115-6ad7-4a12-931a-7ffd83442175.fast5	cdfc1115-6ad7-4a12-931a-7ffd83442175	82dc462fc1d07e69c1507ae16e46fb64f9ab6005	0	344	3	20014.461250	12.159250	12159	TRUE	20014.601250	12019	12.019250	4517	10.431475	0.000000	61.331360	9.647630	64.359100	8.931350
866017f0-c449-4410-b927-4ab9932e5c71.fast5	866017f0-c449-4410-b927-4ab9932e5c71	82dc462fc1d07e69c1507ae16e46fb64f9ab6005	0	22	3	62710.584000	14.646500	14646	TRUE	62710.616000	14614	14.614500	4671	9.641870	0.000000	67.188850	9.992188	73.097931	9.716041
859e1bfc-efa1-4e21-a837-fb164ea200e5.fast5	859e1bfc-efa1-4e21-a837-fb164ea200e5	82dc462fc1d07e69c1507ae16e46fb64f9ab6005	0	184	3	21666.417500	11.945250	11945	TRUE	21666.996500	11366	11.366250	4531	11.589927	0.000000	74.252296	8.613955	72.610046	9.788965
7e31a326-a8df-4bc7-9f05-7c361a6965ff.fast5	7e31a326-a8df-4bc7-9f05-7c361a6965ff	82dc462fc1d07e69c1507ae16e46fb64f9ab6005	0	230	2	44835.924500	11.819750	11819	TRUE	44835.979500	11764	11.764750	4448	11.312699	0.000000	72.529503	8.786234	72.463287	10.096854
79892cf2-bb1a-4f7d-a96c-219c7238c24b.fast5	79892cf2-bb1a-4f7d-a96c-219c7238c24b	82dc462fc1d07e69c1507ae16e46fb64f9ab6005	0	264	2	28005.498750	11.279250	11279	TRUE	28005.678750	11099	11.099250	4302	11.690138	0.000000	74.596855	8.786234	71.851463	10.082205
b8c8757c-55fd-4136-8a23-7d5952fa4950.fast5	b8c8757c-55fd-4136-8a23-7d5952fa4950	82dc462fc1d07e69c1507ae16e46fb64f9ab6005	0	104	3	4678.363000	12.138750	12138	TRUE	4678.542000	11959	11.959750	4536	11.568854	0.000000	69.945320	8.441676	68.069031	9.011651
953839f0-e386-468c-975c-927c286a9e6e.fast5	953839f0-e386-468c-975c-927c286a9e6e	82dc462fc1d07e69c1507ae16e46fb64f9ab6005	0	322	1	14108.280750	12.937750	12937	TRUE	14108.315750	12902	12.902750	4325	11.388987	0.000000	69.083923	10.509026	73.851990	9.522384
8d16faea-4534-4872-9277-b4ba3cdb0d4d.fast5	8d16faea-4534-4872-9277-b4ba3cdb0d4d	82dc462fc1d07e69c1507ae16e46fb64f9ab6005	0	236	1	42783.570500	47.595250	47595	TRUE	42783.636500	47529	47.529250	17372	10.760828	0.000000	74.252296	10.336746	75.825050	9.794755
3cf602fb-c280-4b6a-8f44-88f830e59530.fast5	3cf602fb-c280-4b6a-8f44-88f830e59530	82dc462fc1d07e69c1507ae16e46fb64f9ab6005	0	408	1	24215.773250	10.124750	10124	TRUE	24215.974250	9923	9.923750	4212	9.853575	0.000000	73.390900	8.441676	70.235367	9.940893
580b5eab-bebb-47ae-a203-40e85ed753db.fast5	580b5eab-bebb-47ae-a203-40e85ed753db	82dc462fc1d07e69c1507ae16e46fb64f9ab6005	0	155	1	40771.318250	59.360250	59360	TRUE	40771.475250	59203	59.203250	21736	10.139466	0.000000	77.181038	10.164467	77.295944	10.084104
e540df82-29fb-44de-a6a8-905a64c70af7.fast5	e540df82-29fb-44de-a6a8-905a64c70af7	82dc462fc1d07e69c1507ae16e46fb64f9ab6005	0	245	1	2434.307000	10.157000	10157	TRUE	2434.353000	10111	10.111000	4408	9.663130	0.000000	73.218620	8.269397	71.361420	9.463531
544217e2-7536-49f2-8cbe-5dfea5556e2e.fast5	544217e2-7536-49f2-8cbe-5dfea5556e2e	82dc462fc1d07e69c1507ae16e46fb64f9ab6005	0	153	4	21384.666000	12.307000	12307	TRUE	21384.861000	12112	12.112000	4462	10.340983	0.000000	73.563179	10.336746	74.551353	9.461970
fd1773b0-218c-4439-847c-2e758c4622a9.fast5	fd1773b0-218c-4439-847c-2e758c4622a9	82dc462fc1d07e69c1507ae16e46fb64f9ab6005	0	140	3	84365.914000	16.795250	16795	TRUE	84365.999000	16710	16.710250	4566	10.465960	0.000000	81.315735	9.303072	80.177887	9.827915
068876f5-d8a9-47b0-a5bc-c29c5e13e789.fast5	068876f5-d8a9-47b0-a5bc-c29c5e13e789	82dc462fc1d07e69c1507ae16e46fb64f9ab6005	0	366	4	20979.333750	11.897250	11897	TRUE	20979.519750	11711	11.711250	4473	11.905940	0.000000	71.668106	8.613955	71.118874	9.701016
3d902c46-c1d7-4b28-bbc3-aa92a98b6b5e.fast5	3d902c46-c1d7-4b28-bbc3-aa92a98b6b5e	82dc462fc1d07e69c1507ae16e46fb64f9ab6005	0	150	3	122909.679750	28.415750	28415	TRUE	122909.799750	28295	28.295750	8765	9.223165	0.000000	58.058060	9.475350	60.002808	8.670682
6bfd9602-b481-49f1-9abf-2b2cd942897a.fast5	6bfd9602-b481-49f1-9abf-2b2cd942897a	82dc462fc1d07e69c1507ae16e46fb64f9ab6005	0	206	3	50578.750750	11.792250	11792	TRUE	50578.966750	11576	11.576250	4595	9.085839	0.000000	69.083923	9.992188	69.075287	9.204173
932e017e-871a-4f38-9875-28313e3a8fa9.fast5	932e017e-871a-4f38-9875-28313e3a8fa9	82dc462fc1d07e69c1507ae16e46fb64f9ab6005	0	71	1	51794.476500	23.877750	23877	TRUE	51794.699500	23654	23.654750	8829	8.893186	0.000000	73.046341	8.269397	72.143860	9.200583
1fb5cc88-6ec0-4a3d-a94d-bc345b94a03f.fast5	1fb5cc88-6ec0-4a3d-a94d-bc345b94a03f	82dc462fc1d07e69c1507ae16e46fb64f9ab6005	0	52	2	70902.611500	16.535000	16535	TRUE	70902.746500	16400	16.400000	4647	9.606679	0.000000	64.087830	10.336746	66.202332	9.646438
e28cbdac-8afe-4bcf-be1d-f951d6d0f59c.fast5	e28cbdac-8afe-4bcf-be1d-f951d6d0f59c	82dc462fc1d07e69c1507ae16e46fb64f9ab6005	0	315	2	34340.351000	23.958500	23958	TRUE	34340.423000	23886	23.886500	8609	9.118353	0.000000	78.386993	8.786234	75.987854	10.002676
d8f29360-7ab7-48c8-9fc3-45094e7f73bd.fast5	d8f29360-7ab7-48c8-9fc3-45094e7f73bd	82dc462fc1d07e69c1507ae16e46fb64f9ab6005	0	115	2	16201.391000	15.096250	15096	TRUE	16201.460000	15027	15.027250	4507	10.663226	0.000000	65.466057	10.164467	68.141647	9.255964
6abd667e-dbae-4c9a-939c-b7bde0914eb1.fast5	6abd667e-dbae-4c9a-939c-b7bde0914eb1	82dc462fc1d07e69c1507ae16e46fb64f9ab6005	0	510	4	71827.576000	15.280250	15280	TRUE	71827.630000	15226	15.226250	4525	10.796413	0.000000	79.248390	8.958513	79.018295	9.447435
c55492fb-779e-4ec1-bc3e-a90131431e56.fast5	c55492fb-779e-4ec1-bc3e-a90131431e56	82dc462fc1d07e69c1507ae16e46fb64f9ab6005	0	480	4	248.840250	32.831000	32831	TRUE	248.867250	32804	32.804000	14422	10.683799	0.000000	80.454338	9.130793	76.681290	10.105953
053ec0c4-dde1-43af-a763-c6c5b25ff591.fast5	053ec0c4-dde1-43af-a763-c6c5b25ff591	82dc462fc1d07e69c1507ae16e46fb64f9ab6005	0	230	2	37147.632750	12.037000	12037	TRUE	37147.837750	11832	11.832000	4370	10.506724	0.000000	69.945320	10.681305	71.769524	9.449268
133d83fb-589f-42f6-aa48-3cbef4d8194d.fast5	133d83fb-589f-42f6-aa48-3cbef4d8194d	82dc462fc1d07e69c1507ae16e46fb64f9ab6005	0	125	4	35228.629000	10.635000	10635	TRUE	35228.818000	10446	10.446000	4240	9.305096	0.000000	72.874062	8.269397	71.101990	9.549432
fe1296e5-2c19-4120-b363-685b0a61501b.fast5	fe1296e5-2c19-4120-b363-685b0a61501b	82dc462fc1d07e69c1507ae16e46fb64f9ab6005	0	512	3	39370.365000	23.576500	23576	TRUE	39370.400000	23541	23.541500	8602	10.656777	0.000000	76.491920	8.786234	75.815903	9.756887
39b6f022-743c-489c-9c4f-8746d314b573.fast5	39b6f022-743c-489c-9c4f-8746d314b573	82dc462fc1d07e69c1507ae16e46fb64f9ab6005	0	249	3	27202.541750	15.064750	15064	FALSE	27202.595750	15010	15.010750	7352	6.650067	0.000000	73.046341	8.958513	71.840294	9.900458
2aa86614-3a71-446e-9243-75c79ab52fd2.fast5	2aa86614-3a71-446e-9243-75c79ab52fd2	82dc462fc1d07e69c1507ae16e46fb64f9ab6005	0	264	2	32830.527000	11.942750	11942	TRUE	32830.662000	11807	11.807750	4289	10.525912	0.000000	72.874062	8.097118	70.398529	9.305079
a38bb2be-a7af-47bb-b230-609775901c9e.fast5	a38bb2be-a7af-47bb-b230-609775901c9e	82dc462fc1d07e69c1507ae16e46fb64f9ab6005	0	125	3	23288.142250	22.600000	22600	TRUE	23288.274250	22468	22.468000	8742	10.001792	0.000000	71.323547	9.475350	71.530090	9.328221
d2575956-3739-4731-943a-aa12da11e030.fast5	d2575956-3739-4731-943a-aa12da11e030	82dc462fc1d07e69c1507ae16e46fb64f9ab6005	0	48	1	3843.561750	20.903500	20903	TRUE	3843.619750	20845	20.845500	8610	11.009096	0.000000	72.184944	8.269397	70.580299	9.617798
5de32519-f151-4a0a-a504-e0f5b125bf84.fast5	5de32519-f151-4a0a-a504-e0f5b125bf84	82dc462fc1d07e69c1507ae16e46fb64f9ab6005	0	83	2	29996.545250	60.004500	60004	TRUE	29996.629250	59920	59.920500	26080	9.879807	0.000000	73.390900	9.475350	73.493423	9.469499
b81b4e75-5418-459b-bd4e-4140a2bc2a22.fast5	b81b4e75-5418-459b-bd4e-4140a2bc2a22	82dc462fc1d07e69c1507ae16e46fb64f9ab6005	0	356	1	7621.509750	23.868750	23868	TRUE	7621.575750	23802	23.802750	8564	9.935641	0.000000	69.945320	9.475350	70.516380	9.428264
f41b5bb3-7556-4d12-bc22-ec8eace19556.fast5	f41b5bb3-7556-4d12-bc22-ec8eace19556	82dc462fc1d07e69c1507ae16e46fb64f9ab6005	0	289	4	4918.821250	10.227750	10227	TRUE	4918.853250	10195	10.195750	4222	8.840759	0.000000	73.907738	8.613955	72.555573	9.798695
9ea1d9ce-cff3-4ad9-8a2a-37693ec5cd71.fast5	9ea1d9ce-cff3-4ad9-8a2a-37693ec5cd71	82dc462fc1d07e69c1507ae16e46fb64f9ab6005	0	440	1	55047.632750	14.568500	14568	TRUE	55047.661750	14539	14.539500	4542	11.949181	0.000000	78.214714	9.130793	75.457336	9.468597
87b95021-4282-46fa-ad3a-237d7172acaf.fast5	87b95021-4282-46fa-ad3a-237d7172acaf	82dc462fc1d07e69c1507ae16e46fb64f9ab6005	0	57	2	58294.978500	13.372750	13372	TRUE	58295.010500	13340	13.340750	4534	9.511992	0.000000	75.630524	8.786234	74.229935	9.884138
1be0cadb-190f-4f9b-9939-7784b8d1a8cc.fast5	1be0cadb-190f-4f9b-9939-7784b8d1a8cc	82dc462fc1d07e69c1507ae16e46fb64f9ab6005	0	125	3	61998.365250	25.055000	25055	TRUE	61998.619250	24801	24.801000	8562	8.218706	0.000000	76.836479	9.992188	75.977753	9.842215
81e369c0-4b9e-4c87-851f-9ad180c23563.fast5	81e369c0-4b9e-4c87-851f-9ad180c23563	82dc462fc1d07e69c1507ae16e46fb64f9ab6005	0	375	2	34665.990500	12.483750	12483	TRUE	34666.002500	12471	12.471750	4336	11.087902	0.000000	64.604668	9.992188	66.592896	9.211284
e07fd4ba-5bee-4a4f-ab17-3bf78e739c6c.fast5	e07fd4ba-5bee-4a4f-ab17-3bf78e739c6c	82dc462fc1d07e69c1507ae16e46fb64f9ab6005	0	205	4	25531.893750	11.078250	11078	TRUE	25532.089750	10882	10.882250	4548	10.365101	0.000000	70.462151	10.336746	73.321175	9.937497
6a3b9d52-fa1c-4d8f-9381-2aca47291dc0.fast5	6a3b9d52-fa1c-4d8f-9381-2aca47291dc0	82dc462fc1d07e69c1507ae16e46fb64f9ab6005	0	206	1	69095.631750	40.920500	40920	TRUE	69095.655750	40896	40.896500	13401	10.259252	0.000000	64.260109	7.924839	64.626213	8.555264
41b6ebde-f02c-4988-b672-11a25b7d2b6c.fast5	41b6ebde-f02c-4988-b672-11a25b7d2b6c	82dc462fc1d07e69c1507ae16e46fb64f9ab6005	0	86	3	4695.999250	10.264250	10264	TRUE	4696.125250	10138	10.138250	4391	10.329435	0.000000	71.151268	8.269397	68.423843	8.991310
652a3ee3-0f80-4a5a-9ba7-9f063b19dc43.fast5	652a3ee3-0f80-4a5a-9ba7-9f063b19dc43	82dc462fc1d07e69c1507ae16e46fb64f9ab6005	0	410	4	24358.612000	11.491750	11491	TRUE	24358.648000	11455	11.455750	4393	10.428885	0.000000	71.495827	10.509026	73.682869	9.754466
cd9d3998-175c-4ab0-8960-84a9789fa88c.fast5	cd9d3998-175c-4ab0-8960-84a9789fa88c	82dc462fc1d07e69c1507ae16e46fb64f9ab6005	0	500	1	56366.782500	14.158750	14158	TRUE	56366.812500	14128	14.128750	4534	12.177754	0.000000	72.874062	10.853583	74.357010	9.701854
4f8ab5a2-314e-477d-b7c6-a283517656ca.fast5	4f8ab5a2-314e-477d-b7c6-a283517656ca	82dc462fc1d07e69c1507ae16e46fb64f9ab6005	0	183	3	49553.078250	13.147750	13147	TRUE	49553.167250	13058	13.058750	4613	11.504822	0.000000	71.151268	8.613955	69.990242	9.008429
c83e7181-1d63-4116-af21-fafed51db9a9.fast5	c83e7181-1d63-4116-af21-fafed51db9a9	82dc462fc1d07e69c1507ae16e46fb64f9ab6005	0	314	4	67281.966750	13.665000	13665	TRUE	67282.046750	13585	13.585000	4397	10.934092	0.000000	65.638336	7.924839	64.688087	8.862361
74eabe65-58c1-4c2c-af19-9d4a426aac4d.fast5	74eabe65-58c1-4c2c-af19-9d4a426aac4d	82dc462fc1d07e69c1507ae16e46fb64f9ab6005	0	465	3	63974.843500	16.556500	16556	FALSE	63974.891500	16508	16.508500	5124	5.076035	0.000000	68.911644	8.958513	72.565712	9.812217
df043aaa-0f25-4347-a813-7b7929f69c34.fast5	df043aaa-0f25-4347-a813-7b7929f69c34	82dc462fc1d07e69c1507ae16e46fb64f9ab6005	0	441	3	103731.354500	26.045250	26045	TRUE	103731.521500	25878	25.878250	8693	10.181250	0.000000	73.563179	11.025863	74.943703	9.697517
451042f6-c501-4a41-920e-2a1dadf7b3eb.fast5	451042f6-c501-4a41-920e-2a1dadf7b3eb	82dc462fc1d07e69c1507ae16e46fb64f9ab6005	0	152	1	102521.182500	48.554000	48554	TRUE	102521.231500	48505	48.505000	16883	9.445580	0.000000	84.761322	9.647630	81.840508	10.749542
a82b2b37-a85f-487b-9b42-59fab9243c30.fast5	a82b2b37-a85f-487b-9b42-59fab9243c30	82dc462fc1d07e69c1507ae16e46fb64f9ab6005	0	88	3	49937.106000	26.055250	26055	TRUE	49937.381000	25780	25.780250	8780	9.044142	0.000000	64.260109	8.613955	65.222092	8.709617
39dda7de-ad97-4fd8-834e-a80cd0d7837a.fast5	39dda7de-ad97-4fd8-834e-a80cd0d7837a	82dc462fc1d07e69c1507ae16e46fb64f9ab6005	0	142	4	59562.721250	28.189250	28189	TRUE	59562.751250	28159	28.159250	9002	11.921389	0.000000	67.361130	10.164467	70.257011	9.587241
dd5bd284-34f5-4998-abc0-f2724ee2cb37.fast5	dd5bd284-34f5-4998-abc0-f2724ee2cb37	82dc462fc1d07e69c1507ae16e46fb64f9ab6005	0	168	2	40163.179250	33.986000	33986	TRUE	40163.195250	33970	33.970000	13260	10.334422	0.000000	70.289871	8.958513	69.126297	8.984134
8f1f8da4-39a3-4bdc-b090-889d70459889.fast5	8f1f8da4-39a3-4bdc-b090-889d70459889	82dc462fc1d07e69c1507ae16e46fb64f9ab6005	0	246	2	30776.314000	34.521000	34521	TRUE	30776.456000	34379	34.379000	13219	9.643197	0.000000	72.012665	9.303072	71.005768	9.538616
9ddf4d95-593e-4805-85f3-09113e73c2d0.fast5	9ddf4d95-593e-4805-85f3-09113e73c2d0	82dc462fc1d07e69c1507ae16e46fb64f9ab6005	0	175	4	72720.749750	14.369750	14369	TRUE	72720.836750	14282	14.282750	4576	11.031493	0.000000	78.559273	8.786234	77.917786	9.482910
17b14d0a-6221-4600-95d3-44fce956e150.fast5	17b14d0a-6221-4600-95d3-44fce956e150	82dc462fc1d07e69c1507ae16e46fb64f9ab6005	0	185	4	34559.707250	12.756500	12756	TRUE	34560.184250	12279	12.279500	4251	9.454996	0.000000	58.574894	9.475350	59.625439	8.325962
12022872-0b83-43ed-aad9-7d4c991492f1.fast5	12022872-0b83-43ed-aad9-7d4c991492f1	82dc462fc1d07e69c1507ae16e46fb64f9ab6005	0	16	2	84680.013000	16.595500	16595	TRUE	84680.071000	16537	16.537500	4622	10.266352	0.000000	67.533409	9.992188	69.525230	9.347118
28c45cbc-f8c5-46cf-a95a-bfb6f62aee1f.fast5	28c45cbc-f8c5-46cf-a95a-bfb6f62aee1f	82dc462fc1d07e69c1507ae16e46fb64f9ab6005	0	493	4	85866.978250	16.431250	16431	TRUE	85867.052250	16357	16.357250	4495	9.353393	0.000000	70.462151	10.336746	73.749306	9.485315
74b3665e-5301-4e90-a91c-ad1964ee23e2.fast5	74b3665e-5301-4e90-a91c-ad1964ee23e2	82dc462fc1d07e69c1507ae16e46fb64f9ab6005	0	446	2	85970.187000	14.804000	14804	TRUE	85970.518000	14473	14.473000	4328	11.231498	0.000000	81.143456	9.303072	79.284760	9.991511
f181d15e-682e-4fa2-8695-1556394c6ff9.fast5	f181d15e-682e-4fa2-8695-1556394c6ff9	82dc462fc1d07e69c1507ae16e46fb64f9ab6005	0	381	2	23389.338250	12.067250	12067	TRUE	23389.801250	11604	11.604250	4483	9.961386	0.000000	66.672012	8.097118	65.491386	8.785437
2bd86cb3-344a-4aa9-98d9-4b37ccc2d2d3.fast5	2bd86cb3-344a-4aa9-98d9-4b37ccc2d2d3	82dc462fc1d07e69c1507ae16e46fb64f9ab6005	0	55	3	3487.042000	13.013750	13013	TRUE	3487.072000	12983	12.983750	4435	10.215789	0.000000	69.256203	8.097118	70.142494	9.731131
80c4303e-602d-4a5f-9b85-3bf4c29b9eee.fast5	80c4303e-602d-4a5f-9b85-3bf4c29b9eee	82dc462fc1d07e69c1507ae16e46fb64f9ab6005	0	364	1	71466.589750	66.682250	66682	TRUE	71466.665750	66606	66.606250	20457	8.857191	0.000000	76.664200	9.992188	76.011452	9.520622
cd60c94d-ef61-48f2-81e9-a3d3b38667f0.fast5	cd60c94d-ef61-48f2-81e9-a3d3b38667f0	82dc462fc1d07e69c1507ae16e46fb64f9ab6005	0	391	2	57867.588500	25.286500	25286	TRUE	57867.802500	25072	25.072500	8991	9.104369	0.000000	72.184944	9.475350	71.428520	9.307297
73d65204-b11b-413f-ae63-de40cafc7300.fast5	73d65204-b11b-413f-ae63-de40cafc7300	82dc462fc1d07e69c1507ae16e46fb64f9ab6005	0	480	3	31966.065250	12.021750	12021	TRUE	31966.420250	11666	11.666750	4531	10.503687	0.000000	69.428482	8.269397	68.939026	9.266161
b7d0f77d-fd10-4ab9-b6f8-a8198558bf88.fast5	b7d0f77d-fd10-4ab9-b6f8-a8198558bf88	82dc462fc1d07e69c1507ae16e46fb64f9ab6005	0	173	3	18272.668750	15.006250	15006	TRUE	18273.201750	14473	14.473250	4615	11.733240	0.000000	70.289871	8.441676	69.250839	9.072098
1dafc082-c4be-4043-882a-c337bb314fd4.fast5	1dafc082-c4be-4043-882a-c337bb314fd4	82dc462fc1d07e69c1507ae16e46fb64f9ab6005	0	20	1	27714.323250	21.861250	21861	TRUE	27714.432250	21752	21.752250	8734	9.677624	0.000000	72.012665	9.475350	71.464943	9.606821
acc35ab1-f51a-4b89-b1ad-2e2473495e96.fast5	acc35ab1-f51a-4b89-b1ad-2e2473495e96	82dc462fc1d07e69c1507ae16e46fb64f9ab6005	0	108	2	22466.122000	15.011750	15011	TRUE	22466.127000	15006	15.006750	4475	9.929152	0.000000	66.844292	7.235723	72.991035	10.219756
7ce46d0d-23f5-4da0-a21c-f8da8fed0c8a.fast5	7ce46d0d-23f5-4da0-a21c-f8da8fed0c8a	82dc462fc1d07e69c1507ae16e46fb64f9ab6005	0	440	4	94820.688000	13.104250	13104	TRUE	94821.050000	12742	12.742250	4433	9.858669	0.000000	62.881874	7.752560	62.245983	8.710310
f4db3292-3057-4dc2-be24-3636622d9d66.fast5	f4db3292-3057-4dc2-be24-3636622d9d66	82dc462fc1d07e69c1507ae16e46fb64f9ab6005	0	188	2	76873.437250	15.018750	15018	TRUE	76873.515250	14940	14.940750	4400	8.777402	0.000000	74.596855	11.025863	77.394302	10.553333
319e1a7a-c4f5-4909-93be-ac832b771b77.fast5	319e1a7a-c4f5-4909-93be-ac832b771b77	82dc462fc1d07e69c1507ae16e46fb64f9ab6005	0	330	3	66603.038500	27.931750	27931	TRUE	66603.038500	27931	27.931750	9423	10.664363	0.000000	74.424576	8.786234	72.706123	9.207088
f681ed11-ef39-4e60-8b51-b90dc7f821a0.fast5	f681ed11-ef39-4e60-8b51-b90dc7f821a0	82dc462fc1d07e69c1507ae16e46fb64f9ab6005	0	148	3	45018.597000	14.109250	14109	TRUE	45019.011000	13695	13.695250	4587	10.501678	0.000000	70.117592	10.509026	72.084885	9.463671
2d718f37-9738-402b-a186-f6baa6b98e9a.fast5	2d718f37-9738-402b-a186-f6baa6b98e9a	82dc462fc1d07e69c1507ae16e46fb64f9ab6005	0	235	3	63563.354000	46.311500	46311	FALSE	63563.413000	46252	46.252500	14246	5.807370	0.000000	68.394806	9.992188	71.943687	9.630742
8b9e7c0e-878a-45f3-bc93-1006f8bb5dd6.fast5	8b9e7c0e-878a-45f3-bc93-1006f8bb5dd6	82dc462fc1d07e69c1507ae16e46fb64f9ab6005	0	188	2	56790.411250	69.144750	69144	TRUE	56790.446250	69109	69.109750	26179	9.052473	0.000000	75.975082	10.164467	77.993690	10.930410
1421799d-254a-4cbd-a40b-ff7d1d171f6b.fast5	1421799d-254a-4cbd-a40b-ff7d1d171f6b	82dc462fc1d07e69c1507ae16e46fb64f9ab6005	0	123	1	22502.205250	15.980750	15980	TRUE	22502.335250	15850	15.850750	7469	7.369407	0.000000	74.252296	9.475350	72.684143	9.835914
d06b9f86-1d50-4565-90cc-2f4b0da8873e.fast5	d06b9f86-1d50-4565-90cc-2f4b0da8873e	82dc462fc1d07e69c1507ae16e46fb64f9ab6005	0	207	4	40159.556750	22.765750	22765	TRUE	40159.628750	22693	22.693750	8802	10.091169	0.000000	63.570988	8.613955	62.955875	8.965616
4668c500-d4c1-440c-b62c-55dbfad4c3af.fast5	4668c500-d4c1-440c-b62c-55dbfad4c3af	82dc462fc1d07e69c1507ae16e46fb64f9ab6005	0	187	1	34866.400750	21.390500	21390	TRUE	34867.072750	20718	20.718500	8780	8.492276	0.000000	64.949219	10.164467	67.760605	9.726452
2a0b1e9c-4dda-49e6-84a7-59602951c0dd.fast5	2a0b1e9c-4dda-49e6-84a7-59602951c0dd	82dc462fc1d07e69c1507ae16e46fb64f9ab6005	0	181	1	83838.683250	15.560000	15560	TRUE	83838.712250	15531	15.531000	4387	11.624126	0.000000	72.701782	8.613955	72.446846	10.265253
d21febd1-5cb5-4e82-a7f1-8542c7c21240.fast5	d21febd1-5cb5-4e82-a7f1-8542c7c21240	82dc462fc1d07e69c1507ae16e46fb64f9ab6005	0	241	4	102376.473250	12.822750	12822	TRUE	102376.552250	12743	12.743750	4323	10.312690	0.000000	70.806709	10.681305	74.120293	9.698035
4a35e5e0-5e08-408b-8ee4-6f81c9bb4303.fast5	4a35e5e0-5e08-408b-8ee4-6f81c9bb4303	82dc462fc1d07e69c1507ae16e46fb64f9ab6005	0	212	2	22957.997250	12.256000	12256	TRUE	22958.672250	11581	11.581000	4361	10.711264	0.000000	61.159081	9.475350	64.716446	8.697906
170ec768-2177-4ffc-9e2b-f73bff98e283.fast5	170ec768-2177-4ffc-9e2b-f73bff98e283	82dc462fc1d07e69c1507ae16e46fb64f9ab6005	0	466	3	876.709500	22.628750	22628	TRUE	876.759500	22578	22.578750	8880	11.017450	0.000000	70.978989	10.336746	73.320679	9.298013
32bcc490-3f65-4957-92a1-b4f92fc9541b.fast5	32bcc490-3f65-4957-92a1-b4f92fc9541b	82dc462fc1d07e69c1507ae16e46fb64f9ab6005	0	187	1	74629.296750	15.060000	15060	TRUE	74629.478750	14878	14.878000	4403	9.756297	0.000000	62.881874	9.992188	64.669556	8.687929
823e4a0d-93c2-4d8b-877f-2f37ab4816b5.fast5	823e4a0d-93c2-4d8b-877f-2f37ab4816b5	94366cac0c36fad0bb7d5154ad192c5ea806fdf0	0	373	2	132.123500	44.369000	44369	TRUE	132.181500	44311	44.311000	17055	11.199586	0.000000	78.789009	11.033909	81.294548	10.375114
60514578-b148-4399-afb6-85aba0016946.fast5	60514578-b148-4399-afb6-85aba0016946	82dc462fc1d07e69c1507ae16e46fb64f9ab6005	0	396	1	51343.241000	13.030500	13030	TRUE	51343.302000	12969	12.969500	4563	11.344252	0.000000	78.386993	9.303072	76.519814	9.679872
792754e5-171f-4585-8bae-844dc7897932.fast5	792754e5-171f-4585-8bae-844dc7897932	82dc462fc1d07e69c1507ae16e46fb64f9ab6005	0	291	2	26644.719000	10.815500	10815	TRUE	26644.914000	10620	10.620500	4280	9.987171	0.000000	73.390900	8.613955	71.223915	9.201674
53cead20-d494-4f79-a7ad-0af717d20496.fast5	53cead20-d494-4f79-a7ad-0af717d20496	82dc462fc1d07e69c1507ae16e46fb64f9ab6005	0	161	2	65577.209500	50.317000	50317	TRUE	65577.302500	50224	50.224000	14643	8.110898	0.000000	74.424576	9.647630	73.137848	9.595033
3d8b160a-e387-45bb-ad2f-c68e4a7eafb3.fast5	3d8b160a-e387-45bb-ad2f-c68e4a7eafb3	82dc462fc1d07e69c1507ae16e46fb64f9ab6005	0	176	1	37647.691000	13.263500	13263	TRUE	37647.830000	13124	13.124500	4461	9.671957	0.000000	68.911644	10.336746	70.984474	9.420256
6255cd36-0bcd-469b-9f8f-4a79ee5af704.fast5	6255cd36-0bcd-469b-9f8f-4a79ee5af704	82dc462fc1d07e69c1507ae16e46fb64f9ab6005	0	160	3	19952.522500	9.740750	9740	TRUE	19952.676500	9586	9.586750	4249	10.820720	0.000000	69.600761	8.097118	67.961357	9.069412
906f19ac-0950-4b43-90ab-ff6708f0d11d.fast5	906f19ac-0950-4b43-90ab-ff6708f0d11d	82dc462fc1d07e69c1507ae16e46fb64f9ab6005	0	12	2	124760.781500	13.152250	13152	TRUE	124760.825500	13108	13.108250	4477	10.320107	0.000000	100.094162	10.509026	98.396240	12.101767
0b88f337-a392-4bc8-bd05-887730a899c0.fast5	0b88f337-a392-4bc8-bd05-887730a899c0	82dc462fc1d07e69c1507ae16e46fb64f9ab6005	0	210	4	9954.437750	11.628000	11628	TRUE	9954.530750	11535	11.535000	4381	10.201541	0.000000	72.012665	10.509026	74.238045	9.243910
23b70f68-c51d-4b8c-a35a-73c8e84dfbce.fast5	23b70f68-c51d-4b8c-a35a-73c8e84dfbce	82dc462fc1d07e69c1507ae16e46fb64f9ab6005	0	430	4	88572.462250	43.498250	43498	TRUE	88572.580250	43380	43.380250	17756	9.786937	0.000000	77.353317	9.992188	77.879601	10.086051
f51550ce-bb1f-4f17-9580-8f580a10a42a.fast5	f51550ce-bb1f-4f17-9580-8f580a10a42a	82dc462fc1d07e69c1507ae16e46fb64f9ab6005	0	83	3	23769.896750	55.404500	55404	TRUE	23769.964750	55336	55.336500	21591	10.586779	0.000000	73.390900	9.992188	72.540596	9.369716
7dbe2cf6-2e17-48b5-9a6f-a89a8fd923a7.fast5	7dbe2cf6-2e17-48b5-9a6f-a89a8fd923a7	82dc462fc1d07e69c1507ae16e46fb64f9ab6005	0	243	4	95396.585250	12.937750	12937	TRUE	95396.799250	12723	12.723750	4346	9.196410	0.000000	53.751080	6.718885	55.239681	7.828398
dcb00f6d-96ca-4788-9f67-9801f18593f1.fast5	dcb00f6d-96ca-4788-9f67-9801f18593f1	82dc462fc1d07e69c1507ae16e46fb64f9ab6005	0	370	3	54224.892250	12.367000	12367	TRUE	54224.993250	12266	12.266000	4317	10.905014	0.000000	73.907738	8.786234	72.098946	9.283813
a1ec048f-f88d-43d7-b215-a65c4be2c210.fast5	a1ec048f-f88d-43d7-b215-a65c4be2c210	82dc462fc1d07e69c1507ae16e46fb64f9ab6005	0	131	3	24460.602500	11.229750	11229	TRUE	24460.704500	11127	11.127750	4330	10.612334	0.000000	69.945320	10.509026	71.988503	9.382348
b7db8ab4-1fba-49e0-88d6-976efd47d5c0.fast5	b7db8ab4-1fba-49e0-88d6-976efd47d5c0	82dc462fc1d07e69c1507ae16e46fb64f9ab6005	0	368	3	33368.601000	37.145250	37145	TRUE	33368.965000	36781	36.781250	11971	9.357670	0.000000	67.016571	9.303072	67.074883	9.848926
ca921bd3-4651-43e5-833b-193944b5c152.fast5	ca921bd3-4651-43e5-833b-193944b5c152	82dc462fc1d07e69c1507ae16e46fb64f9ab6005	0	313	1	9673.803750	12.927500	12927	TRUE	9673.821750	12909	12.909500	4423	10.886927	0.000000	71.323547	10.853583	74.251320	9.848221
b0984658-33b0-493c-9bd9-ac8f91fd097f.fast5	b0984658-33b0-493c-9bd9-ac8f91fd097f	82dc462fc1d07e69c1507ae16e46fb64f9ab6005	0	49	4	57670.240000	14.824250	14824	TRUE	57670.631000	14433	14.433250	4340	9.371277	0.000000	56.335266	9.130793	63.076431	8.955637
1a64231b-96de-4e21-b491-6cf087b89c01.fast5	1a64231b-96de-4e21-b491-6cf087b89c01	82dc462fc1d07e69c1507ae16e46fb64f9ab6005	0	131	4	78640.501000	14.387500	14387	TRUE	78640.533000	14355	14.355500	4544	10.576863	0.000000	81.143456	9.130793	78.472420	9.483315
a65646d0-7735-42de-a61b-5631b67cf381.fast5	a65646d0-7735-42de-a61b-5631b67cf381	82dc462fc1d07e69c1507ae16e46fb64f9ab6005	0	327	2	59978.775500	34.456250	34456	TRUE	59979.120500	34111	34.111250	9168	10.784106	0.000000	57.368942	9.130793	60.136745	8.296680
c1e0614a-ebb9-4281-b7df-f41f05e09166.fast5	c1e0614a-ebb9-4281-b7df-f41f05e09166	82dc462fc1d07e69c1507ae16e46fb64f9ab6005	0	59	2	14139.340250	13.093750	13093	TRUE	14139.380250	13053	13.053750	4546	9.187076	0.000000	70.978989	8.097118	70.249939	9.226892
3c9d4e46-c701-4b98-b4b7-bf6487827f46.fast5	3c9d4e46-c701-4b98-b4b7-bf6487827f46	82dc462fc1d07e69c1507ae16e46fb64f9ab6005	0	135	3	46255.111000	38.413000	38413	TRUE	46255.154000	38370	38.370000	13435	12.075788	0.000000	67.705688	10.164467	69.679756	9.622993
17811499-a34f-4d9e-a55c-9082133a7427.fast5	17811499-a34f-4d9e-a55c-9082133a7427	82dc462fc1d07e69c1507ae16e46fb64f9ab6005	0	203	4	5057.016000	11.099500	11099	TRUE	5057.056000	11059	11.059500	4411	11.293387	0.000000	74.080017	8.613955	73.986359	9.408849
0909f6d4-dd70-43cf-9f9f-69f44cfc4b53.fast5	0909f6d4-dd70-43cf-9f9f-69f44cfc4b53	82dc462fc1d07e69c1507ae16e46fb64f9ab6005	0	313	3	62467.237750	13.085000	13085	TRUE	62467.562750	12760	12.760000	4391	10.445689	0.000000	76.319641	8.613955	75.458382	9.984111
830cd394-4f34-42ea-a40d-0ee7bf78a115.fast5	830cd394-4f34-42ea-a40d-0ee7bf78a115	82dc462fc1d07e69c1507ae16e46fb64f9ab6005	0	171	1	52764.258000	36.977500	36977	TRUE	52764.310000	36925	36.925500	13248	10.209195	0.000000	75.975082	9.647630	75.720596	10.709648
b883c1d8-f603-4ec6-83cb-3d69e299bde5.fast5	b883c1d8-f603-4ec6-83cb-3d69e299bde5	82dc462fc1d07e69c1507ae16e46fb64f9ab6005	0	411	3	11669.508250	12.940000	12940	TRUE	11669.691250	12757	12.757000	4325	10.898088	0.000000	69.773041	10.336746	72.970917	9.106194
5faaff0e-ae97-4c0d-9cba-0d5eb4c06696.fast5	5faaff0e-ae97-4c0d-9cba-0d5eb4c06696	82dc462fc1d07e69c1507ae16e46fb64f9ab6005	0	382	4	277.382250	39.207250	39207	TRUE	277.415250	39174	39.174250	16671	10.196697	0.000000	75.975082	10.509026	77.419518	10.688637
a942b291-df4f-454a-823e-52c96e814022.fast5	a942b291-df4f-454a-823e-52c96e814022	82dc462fc1d07e69c1507ae16e46fb64f9ab6005	0	446	3	123694.455250	12.834500	12834	TRUE	123694.711250	12578	12.578500	4539	7.911892	0.000000	58.230339	7.063443	57.745728	8.203997
3089d324-56a0-4a56-aac1-c9adde7e57f0.fast5	3089d324-56a0-4a56-aac1-c9adde7e57f0	82dc462fc1d07e69c1507ae16e46fb64f9ab6005	0	137	2	9991.316750	12.972750	12972	TRUE	9991.358750	12930	12.930750	4394	9.854273	0.000000	75.630524	8.613955	74.487534	9.959817
9064abf9-e0a4-4f1c-ac71-98e7a75bddcc.fast5	9064abf9-e0a4-4f1c-ac71-98e7a75bddcc	82dc462fc1d07e69c1507ae16e46fb64f9ab6005	0	2	2	92495.726000	13.771500	13771	TRUE	92495.897000	13600	13.600500	4387	10.702604	0.000000	69.600761	10.509026	71.801804	9.650321
61bbd38e-dec9-4b15-9fa3-642f1091203a.fast5	61bbd38e-dec9-4b15-9fa3-642f1091203a	82dc462fc1d07e69c1507ae16e46fb64f9ab6005	0	427	3	12616.090000	11.978750	11978	TRUE	12616.174000	11894	11.894750	4405	10.777916	0.000000	72.529503	8.441676	71.200378	9.224720
a0b761fb-c7c0-4530-8af2-8a586b92ad53.fast5	a0b761fb-c7c0-4530-8af2-8a586b92ad53	82dc462fc1d07e69c1507ae16e46fb64f9ab6005	0	16	2	24626.216250	11.676000	11676	TRUE	24626.284250	11608	11.608000	4340	10.556783	0.000000	66.844292	10.164467	69.915794	9.623140
961318f6-a9e6-463e-a83a-c0494a2759da.fast5	961318f6-a9e6-463e-a83a-c0494a2759da	82dc462fc1d07e69c1507ae16e46fb64f9ab6005	0	312	4	64656.530250	12.987750	12987	TRUE	64656.636250	12881	12.881750	4341	8.342440	0.000000	66.844292	9.819909	67.602631	9.213392
e1001301-1d5e-436e-90c5-07eebed7e161.fast5	e1001301-1d5e-436e-90c5-07eebed7e161	82dc462fc1d07e69c1507ae16e46fb64f9ab6005	0	105	2	25284.386000	13.391500	13391	TRUE	25284.491000	13286	13.286500	4491	10.251189	0.000000	74.941414	9.992188	75.284538	9.735897
2357722c-94f9-4a3c-8f02-9faa54ffb675.fast5	2357722c-94f9-4a3c-8f02-9faa54ffb675	82dc462fc1d07e69c1507ae16e46fb64f9ab6005	0	241	4	159020.527250	16.173250	16173	TRUE	159020.652250	16048	16.048250	4557	8.498945	0.000000	60.986801	9.475350	63.919910	8.793281
177fc12d-d9ec-48ec-972e-31051b54051a.fast5	177fc12d-d9ec-48ec-972e-31051b54051a	82dc462fc1d07e69c1507ae16e46fb64f9ab6005	0	440	4	70001.739000	20.662750	20662	TRUE	70001.847000	20554	20.554750	4449	11.166090	0.000000	68.394806	10.336746	71.793205	9.878521
3068733d-d97d-4648-af76-4b02d217eda1.fast5	3068733d-d97d-4648-af76-4b02d217eda1	82dc462fc1d07e69c1507ae16e46fb64f9ab6005	0	84	3	36226.469750	11.025000	11025	TRUE	36226.577750	10917	10.917000	4525	10.076334	0.000000	75.113693	8.441676	75.020645	9.599821
d3efaeaf-ef15-44a0-9096-d1b93be4470f.fast5	d3efaeaf-ef15-44a0-9096-d1b93be4470f	82dc462fc1d07e69c1507ae16e46fb64f9ab6005	0	291	1	118744.230000	11.402750	11402	FALSE	118744.250000	11382	11.382750	4229	6.832891	0.000000	70.978989	8.097118	71.706100	9.334184
cbb024d4-58a9-4a6b-92ad-c3b95e5f5bec.fast5	cbb024d4-58a9-4a6b-92ad-c3b95e5f5bec	82dc462fc1d07e69c1507ae16e46fb64f9ab6005	0	349	3	35166.251750	36.779750	36779	TRUE	35166.395750	36635	36.635750	13455	10.854548	0.000000	69.773041	9.647630	70.241432	9.220242
44391418-49c8-49a8-bc7e-0c83560a0838.fast5	44391418-49c8-49a8-bc7e-0c83560a0838	82dc462fc1d07e69c1507ae16e46fb64f9ab6005	0	447	4	52384.079250	13.409500	13409	TRUE	52384.414250	13074	13.074500	4418	9.765110	0.000000	64.087830	9.819909	66.324860	8.793688
8db2f37e-3f91-49c6-a546-4aa5eafb9c3d.fast5	8db2f37e-3f91-49c6-a546-4aa5eafb9c3d	82dc462fc1d07e69c1507ae16e46fb64f9ab6005	0	367	2	27421.913750	11.923750	11923	TRUE	27422.064750	11772	11.772750	4337	11.575557	0.000000	72.184944	8.441676	71.908531	10.235079
86b502c9-549d-47da-aad5-65820644aa5a.fast5	86b502c9-549d-47da-aad5-65820644aa5a	82dc462fc1d07e69c1507ae16e46fb64f9ab6005	0	32	4	63479.275500	13.796500	13796	TRUE	63479.308500	13763	13.763500	4533	9.899007	0.000000	74.080017	8.613955	74.373466	9.251020
fd436dd8-f9d1-46d7-8178-a42ac4b8942d.fast5	fd436dd8-f9d1-46d7-8178-a42ac4b8942d	82dc462fc1d07e69c1507ae16e46fb64f9ab6005	0	397	1	24935.339500	10.559250	10559	TRUE	24935.343500	10555	10.555250	4275	10.941484	0.000000	75.458244	8.786234	74.073441	9.728546
75c8ec96-9cac-40b8-a36e-11c356bdc2a3.fast5	75c8ec96-9cac-40b8-a36e-11c356bdc2a3	82dc462fc1d07e69c1507ae16e46fb64f9ab6005	0	291	1	107945.677250	10.953750	10953	TRUE	107945.733250	10897	10.897750	4275	9.341578	0.000000	74.080017	9.647630	75.599808	10.579788
6e55273f-5902-4936-9880-9fd84291bb34.fast5	6e55273f-5902-4936-9880-9fd84291bb34	82dc462fc1d07e69c1507ae16e46fb64f9ab6005	0	512	4	104588.743500	13.069500	13069	TRUE	104588.855500	12957	12.957500	4449	9.968140	0.000000	70.289871	10.164467	72.854103	9.378721
d09ebca8-c554-4af4-afda-b14a1943b3e7.fast5	d09ebca8-c554-4af4-afda-b14a1943b3e7	82dc462fc1d07e69c1507ae16e46fb64f9ab6005	0	511	1	9015.794750	11.281000	11281	TRUE	9015.908750	11167	11.167000	4438	11.662514	0.000000	74.252296	8.613955	73.395187	9.609838
b2974d93-6f9a-4b0b-bb5b-89af082ff9f9.fast5	b2974d93-6f9a-4b0b-bb5b-89af082ff9f9	82dc462fc1d07e69c1507ae16e46fb64f9ab6005	0	511	2	39023.727500	12.533750	12533	TRUE	39023.969500	12291	12.291750	4326	10.747819	0.000000	67.533409	10.164467	69.893463	8.991072
2010c6a5-9e45-4038-a1d3-c2df881a0cea.fast5	2010c6a5-9e45-4038-a1d3-c2df881a0cea	82dc462fc1d07e69c1507ae16e46fb64f9ab6005	0	60	3	100345.270000	13.646750	13646	TRUE	100345.670000	13246	13.246750	4402	10.524519	0.000000	60.469967	9.475350	63.889133	8.476690
e3b23e59-2661-42db-bbc3-a8e303eaeeec.fast5	e3b23e59-2661-42db-bbc3-a8e303eaeeec	82dc462fc1d07e69c1507ae16e46fb64f9ab6005	0	245	3	84876.809000	14.510750	14510	TRUE	84876.886000	14433	14.433750	4334	10.914790	0.000000	74.080017	8.786234	70.838165	9.658510
5c2620bb-1f6f-406d-b328-b308591f202b.fast5	5c2620bb-1f6f-406d-b328-b308591f202b	82dc462fc1d07e69c1507ae16e46fb64f9ab6005	0	354	1	58119.732000	13.314500	13314	TRUE	58119.800000	13246	13.246500	4414	10.533724	0.000000	67.877968	10.509026	72.057495	9.682345
e71ab25d-f6d6-4c92-845a-11a982ce8408.fast5	e71ab25d-f6d6-4c92-845a-11a982ce8408	82dc462fc1d07e69c1507ae16e46fb64f9ab6005	0	316	3	40341.734250	21.186000	21186	TRUE	40341.755250	21165	21.165000	8573	11.101853	0.000000	75.630524	8.958513	73.876503	9.737527
11a7cd37-5780-4304-a2f6-7ab9d486716c.fast5	11a7cd37-5780-4304-a2f6-7ab9d486716c	82dc462fc1d07e69c1507ae16e46fb64f9ab6005	0	376	3	21210.244500	10.413250	10413	TRUE	21210.263500	10394	10.394250	4489	9.945170	0.000000	70.462151	10.164467	70.347824	8.905622
2e67c7b5-1e17-4c4f-a904-7d9f9e30f342.fast5	2e67c7b5-1e17-4c4f-a904-7d9f9e30f342	82dc462fc1d07e69c1507ae16e46fb64f9ab6005	0	271	3	37116.911500	11.870750	11870	TRUE	37117.100500	11681	11.681750	4581	12.145446	0.000000	72.529503	8.613955	71.209686	9.163886
84546c79-8538-44c4-bfae-f79a756ee509.fast5	84546c79-8538-44c4-bfae-f79a756ee509	82dc462fc1d07e69c1507ae16e46fb64f9ab6005	0	108	2	69754.351000	42.447000	42447	TRUE	69754.380000	42418	42.418000	12823	8.063947	0.000000	78.042435	9.475350	75.311325	10.411238
a1771c6a-3bd4-431d-b682-c158e8c76962.fast5	a1771c6a-3bd4-431d-b682-c158e8c76962	82dc462fc1d07e69c1507ae16e46fb64f9ab6005	0	394	4	33272.811750	12.249250	12249	TRUE	33272.938750	12122	12.122250	4384	10.784173	0.000000	72.357224	10.681305	73.384727	9.304888
642d989f-26cf-45e1-8302-323bb6ce4dff.fast5	642d989f-26cf-45e1-8302-323bb6ce4dff	82dc462fc1d07e69c1507ae16e46fb64f9ab6005	0	50	1	20273.930250	23.327250	23327	TRUE	20274.311250	22946	22.946250	8446	8.293085	0.000000	65.293777	9.303072	64.040421	8.982384
0fd7bd4c-c26a-47b7-8113-71f22a19cd54.fast5	0fd7bd4c-c26a-47b7-8113-71f22a19cd54	82dc462fc1d07e69c1507ae16e46fb64f9ab6005	0	284	2	101066.838750	12.490250	12490	TRUE	101067.275750	12053	12.053250	4440	10.739388	0.000000	71.495827	8.441676	68.436508	9.486121
ff67b9c7-1809-4c6a-ba7b-e7a956dc0467.fast5	ff67b9c7-1809-4c6a-ba7b-e7a956dc0467	82dc462fc1d07e69c1507ae16e46fb64f9ab6005	0	318	4	36057.189000	21.911500	21911	TRUE	36057.243000	21857	21.857500	8800	9.366320	0.000000	72.874062	8.269397	72.212631	9.330791
17b80620-5f05-46de-a13f-dc495725dd2b.fast5	17b80620-5f05-46de-a13f-dc495725dd2b	82dc462fc1d07e69c1507ae16e46fb64f9ab6005	0	181	1	12359.269750	37.247500	37247	TRUE	12359.328750	37188	37.188500	12937	9.759006	0.000000	69.773041	8.958513	70.934669	9.167183
2a1c6ff8-82c1-4879-be43-43c5d221be7c.fast5	2a1c6ff8-82c1-4879-be43-43c5d221be7c	82dc462fc1d07e69c1507ae16e46fb64f9ab6005	0	427	3	18695.706250	15.449000	15449	TRUE	18696.199250	14956	14.956000	4523	11.259949	0.000000	64.949219	9.819909	68.253746	8.804666
44218513-95a4-4b48-b060-28e2e3704905.fast5	44218513-95a4-4b48-b060-28e2e3704905	82dc462fc1d07e69c1507ae16e46fb64f9ab6005	0	71	1	51818.914500	24.013500	24013	TRUE	51818.928500	23999	23.999500	8825	9.353512	0.000000	68.222527	9.819909	70.787682	9.591855
000962a1-9b04-4a96-b935-eadc4dc7c900.fast5	000962a1-9b04-4a96-b935-eadc4dc7c900	82dc462fc1d07e69c1507ae16e46fb64f9ab6005	0	224	2	60353.476250	15.020750	15020	TRUE	60353.711250	14785	14.785750	4565	8.381092	0.000000	55.129314	8.958513	59.250248	8.002748
15b945e1-27e7-4380-8c51-53c113deaee7.fast5	15b945e1-27e7-4380-8c51-53c113deaee7	82dc462fc1d07e69c1507ae16e46fb64f9ab6005	0	147	3	60227.012500	13.772250	13772	TRUE	60227.238500	13546	13.546250	4443	10.732032	0.000000	70.806709	10.336746	73.444344	9.237333
18cdb5ce-cca1-48f7-95c7-b8a289fd2a92.fast5	18cdb5ce-cca1-48f7-95c7-b8a289fd2a92	82dc462fc1d07e69c1507ae16e46fb64f9ab6005	0	490	4	15933.192500	13.818750	13818	TRUE	15933.452500	13558	13.558750	4377	11.260122	0.000000	66.155174	9.992188	68.988289	8.776361
65549ea1-b4a6-419c-be0b-663f74f440c3.fast5	65549ea1-b4a6-419c-be0b-663f74f440c3	82dc462fc1d07e69c1507ae16e46fb64f9ab6005	0	221	4	161180.984250	18.550750	18550	TRUE	161181.068250	18466	18.466750	4643	9.521913	0.000000	62.192757	7.580281	62.417297	8.379884
32541ee1-0945-4a3a-807b-2ee9e573830b.fast5	32541ee1-0945-4a3a-807b-2ee9e573830b	82dc462fc1d07e69c1507ae16e46fb64f9ab6005	0	61	1	45468.908000	11.998250	11998	TRUE	45468.984000	11922	11.922250	4328	9.217887	0.000000	67.361130	10.164467	69.141823	8.964130
3e3d4d30-8346-40fc-8026-bd37f13b250e.fast5	3e3d4d30-8346-40fc-8026-bd37f13b250e	dc765ecd41104753606e856f2398211a88925718	0	429	3	266.623750	11.667500	11667	TRUE	266.647750	11643	11.643500	4493	11.341982	0.000000	77.530914	11.026619	80.244209	10.123562
51d0ad04-fbf9-451a-878b-811125eb24bd.fast5	51d0ad04-fbf9-451a-878b-811125eb24bd	82dc462fc1d07e69c1507ae16e46fb64f9ab6005	0	499	3	15418.342250	16.865500	16865	TRUE	15418.442250	16765	16.765500	4663	11.718578	0.000000	66.844292	9.992188	68.489067	9.046440
7e96de41-2af9-466d-bd0a-315510f1c528.fast5	7e96de41-2af9-466d-bd0a-315510f1c528	82dc462fc1d07e69c1507ae16e46fb64f9ab6005	0	242	2	10645.919500	25.101000	25101	TRUE	10645.965500	25055	25.055000	8890	10.648998	0.000000	70.978989	9.647630	70.796700	9.486598
b6820d2f-9b6c-4078-8d82-4aba7806db6d.fast5	b6820d2f-9b6c-4078-8d82-4aba7806db6d	82dc462fc1d07e69c1507ae16e46fb64f9ab6005	0	225	2	6217.370750	32.788750	32788	TRUE	6217.468750	32690	32.690750	12117	8.290424	0.000000	73.563179	9.819909	76.415344	10.250574
87ca8ba9-5d83-45f8-b7d6-b993c334122e.fast5	87ca8ba9-5d83-45f8-b7d6-b993c334122e	82dc462fc1d07e69c1507ae16e46fb64f9ab6005	0	148	3	3596.449750	34.016500	34016	TRUE	3596.899750	33566	33.566500	13368	10.988017	0.000000	73.907738	8.441676	72.117622	9.547233
346a14ae-9a50-40b1-b9a3-db73bcaa1f28.fast5	346a14ae-9a50-40b1-b9a3-db73bcaa1f28	82dc462fc1d07e69c1507ae16e46fb64f9ab6005	0	310	1	16222.577250	12.781000	12781	TRUE	16222.618250	12740	12.740000	4421	7.282271	0.000000	64.604668	9.647630	66.772736	8.925394
1825790d-4439-49ca-b988-b34bcb09b7e7.fast5	1825790d-4439-49ca-b988-b34bcb09b7e7	82dc462fc1d07e69c1507ae16e46fb64f9ab6005	0	496	2	103732.278000	13.858000	13858	TRUE	103732.374000	13762	13.762000	4463	10.074533	0.000000	65.121498	9.819909	66.942406	8.818603
81e0bd6c-1dc5-46f6-bf1d-a997d32b5b9d.fast5	81e0bd6c-1dc5-46f6-bf1d-a997d32b5b9d	82dc462fc1d07e69c1507ae16e46fb64f9ab6005	0	386	1	13521.773000	26.854000	26854	TRUE	13521.963000	26664	26.664000	9075	11.535308	0.000000	72.874062	9.647630	72.657463	9.145789
1d4266e9-b3a9-4523-89f2-d5a789b45646.fast5	1d4266e9-b3a9-4523-89f2-d5a789b45646	82dc462fc1d07e69c1507ae16e46fb64f9ab6005	0	317	1	123051.923250	12.790750	12790	TRUE	123051.967250	12746	12.746750	4302	9.479347	0.000000	60.986801	7.408001	60.372429	8.874204
07cf8f55-1c33-476a-8de4-7318059815cc.fast5	07cf8f55-1c33-476a-8de4-7318059815cc	82dc462fc1d07e69c1507ae16e46fb64f9ab6005	0	500	2	65918.299250	21.790250	21790	TRUE	65918.299250	21790	21.790250	6721	9.287947	0.000000	75.802803	10.164467	71.561409	10.084031
93c88d79-bfc3-4904-a046-770dedd98f42.fast5	93c88d79-bfc3-4904-a046-770dedd98f42	82dc462fc1d07e69c1507ae16e46fb64f9ab6005	0	488	2	8743.569750	58.904000	58904	TRUE	8743.595750	58878	58.878000	21697	9.825449	0.000000	72.529503	8.958513	72.745728	9.837503
c9c14d58-21ff-4f0d-b040-66bcbbdedbcd.fast5	c9c14d58-21ff-4f0d-b040-66bcbbdedbcd	82dc462fc1d07e69c1507ae16e46fb64f9ab6005	0	478	1	120919.401500	27.956500	27956	TRUE	120919.465500	27892	27.892500	9132	10.774394	0.000000	72.529503	8.613955	72.032799	9.392993
9fcf512d-748d-43af-99dd-3c3f3296ba14.fast5	9fcf512d-748d-43af-99dd-3c3f3296ba14	82dc462fc1d07e69c1507ae16e46fb64f9ab6005	0	372	4	93623.032250	12.740750	12740	TRUE	93623.095250	12677	12.677750	4535	10.939548	0.000000	81.315735	9.130793	80.656906	10.613612
49e5abe9-35b4-45af-87e0-1bc4dbed1424.fast5	49e5abe9-35b4-45af-87e0-1bc4dbed1424	82dc462fc1d07e69c1507ae16e46fb64f9ab6005	0	6	1	13021.858500	15.893500	15893	TRUE	13021.918500	15833	15.833500	5821	10.428347	0.000000	67.533409	9.992188	68.503372	9.120317
4c398986-3274-403f-be9f-3c08280bb1cb.fast5	4c398986-3274-403f-be9f-3c08280bb1cb	82dc462fc1d07e69c1507ae16e46fb64f9ab6005	0	440	4	77815.189500	59.420000	59420	TRUE	77815.300500	59309	59.309000	17522	9.763227	0.000000	71.840385	9.819909	72.750931	9.703165
01e12d83-9c6d-422f-bea6-2fd021124ee9.fast5	01e12d83-9c6d-422f-bea6-2fd021124ee9	82dc462fc1d07e69c1507ae16e46fb64f9ab6005	0	202	2	29798.938750	12.094750	12094	TRUE	29799.090750	11942	11.942750	4431	9.965749	0.000000	70.806709	10.509026	71.873734	9.154720
5737d866-8ce6-4bc8-991e-0a6008a35e8d.fast5	5737d866-8ce6-4bc8-991e-0a6008a35e8d	82dc462fc1d07e69c1507ae16e46fb64f9ab6005	0	154	4	1350.806250	11.013000	11013	TRUE	1350.946250	10873	10.873000	4264	11.142420	0.000000	77.008759	8.613955	74.603622	9.135808
4a93df21-bbd5-42ac-aa1d-23acce2a8ecf.fast5	4a93df21-bbd5-42ac-aa1d-23acce2a8ecf	82dc462fc1d07e69c1507ae16e46fb64f9ab6005	0	345	4	22904.474000	11.018500	11018	TRUE	22904.557000	10935	10.935500	4321	10.218886	0.000000	72.874062	10.336746	74.395668	9.756168
6e8a95e3-7c8d-4ef1-ba2d-7bb008f4199e.fast5	6e8a95e3-7c8d-4ef1-ba2d-7bb008f4199e	82dc462fc1d07e69c1507ae16e46fb64f9ab6005	0	132	1	12656.301250	37.717750	37717	TRUE	12656.419250	37599	37.599750	13405	11.284925	0.000000	75.285965	8.786234	74.183830	9.886019
1a9366c3-d042-4c01-9572-e35d9d7a3c07.fast5	1a9366c3-d042-4c01-9572-e35d9d7a3c07	82dc462fc1d07e69c1507ae16e46fb64f9ab6005	0	380	1	41552.818500	11.895000	11895	TRUE	41553.103500	11610	11.610000	4629	9.587151	0.000000	74.252296	10.336746	75.430710	10.152101
75255237-1490-4da4-b66b-87fb7a81dc1d.fast5	75255237-1490-4da4-b66b-87fb7a81dc1d	82dc462fc1d07e69c1507ae16e46fb64f9ab6005	0	26	3	12484.398750	30.299500	30299	TRUE	12484.413750	30284	30.284500	10897	9.970250	0.000000	73.907738	9.647630	73.426308	9.278481
eef4f3da-4fc4-4245-bd0d-fb7eea7bbd96.fast5	eef4f3da-4fc4-4245-bd0d-fb7eea7bbd96	82dc462fc1d07e69c1507ae16e46fb64f9ab6005	0	289	2	28432.726000	22.067000	22067	TRUE	28432.886000	21907	21.907000	8698	8.503943	0.000000	75.458244	10.164467	72.666954	9.700905
99d28b91-173a-4f70-8631-09d3da7b5d20.fast5	99d28b91-173a-4f70-8631-09d3da7b5d20	82dc462fc1d07e69c1507ae16e46fb64f9ab6005	0	37	3	40937.648750	24.027750	24027	TRUE	40937.773750	23902	23.902750	8849	10.755935	0.000000	69.945320	10.164467	72.806870	9.728402
fcb1c4b3-3712-4009-b82a-c636cfbbeafb.fast5	fcb1c4b3-3712-4009-b82a-c636cfbbeafb	82dc462fc1d07e69c1507ae16e46fb64f9ab6005	0	337	3	44842.788250	13.993750	13993	TRUE	44842.818250	13963	13.963750	4588	11.154502	0.000000	71.668106	10.336746	75.032661	9.997542
fee77c14-2ce6-4e57-a407-bb493a6cc6bf.fast5	fee77c14-2ce6-4e57-a407-bb493a6cc6bf	82dc462fc1d07e69c1507ae16e46fb64f9ab6005	0	230	2	26873.251500	8.390500	8390	TRUE	26873.264500	8377	8.377500	4058	8.886987	0.000000	71.495827	8.441676	72.575539	9.270003
65fef0df-003c-4288-8bed-cc86460d1942.fast5	65fef0df-003c-4288-8bed-cc86460d1942	82dc462fc1d07e69c1507ae16e46fb64f9ab6005	0	113	4	84306.241500	14.659750	14659	TRUE	84306.526500	14374	14.374750	4375	8.996454	0.000000	82.349411	9.303072	79.195930	10.220979
fdfcf065-5882-4ffe-9f06-216060c2ae8f.fast5	fdfcf065-5882-4ffe-9f06-216060c2ae8f	82dc462fc1d07e69c1507ae16e46fb64f9ab6005	0	245	3	75218.369500	30.473250	30473	TRUE	75218.417500	30425	30.425250	8854	12.138911	0.000000	73.046341	8.786234	71.650085	9.434424
d85ea77b-6304-4195-8423-936c4d0c7b6e.fast5	d85ea77b-6304-4195-8423-936c4d0c7b6e	82dc462fc1d07e69c1507ae16e46fb64f9ab6005	0	217	3	33746.312500	22.130750	22130	TRUE	33746.414500	22028	22.028750	8527	10.193346	0.000000	80.282066	9.303072	77.710258	10.969804
b3c05c03-5994-4755-8156-8cf13a9244da.fast5	b3c05c03-5994-4755-8156-8cf13a9244da	82dc462fc1d07e69c1507ae16e46fb64f9ab6005	0	131	2	53316.641000	12.167250	12167	TRUE	53316.836000	11972	11.972250	4292	10.437531	0.000000	78.386993	8.613955	75.211769	9.915593
56d04668-2e93-4838-a1f4-8b863844df16.fast5	56d04668-2e93-4838-a1f4-8b863844df16	82dc462fc1d07e69c1507ae16e46fb64f9ab6005	0	508	1	44529.771500	11.845250	11845	TRUE	44529.847500	11769	11.769250	4344	10.768622	0.000000	69.945320	10.336746	71.795708	9.230103
ad1bff83-083a-40dc-83c6-43933ae22401.fast5	ad1bff83-083a-40dc-83c6-43933ae22401	82dc462fc1d07e69c1507ae16e46fb64f9ab6005	0	200	4	1097.686000	10.130000	10130	TRUE	1097.760000	10056	10.056000	4259	9.524359	0.000000	74.424576	8.613955	72.580696	9.294556
eff03899-da24-4857-aebe-5cc5265fa116.fast5	eff03899-da24-4857-aebe-5cc5265fa116	82dc462fc1d07e69c1507ae16e46fb64f9ab6005	0	11	3	117566.263500	27.162000	27162	TRUE	117566.571500	26854	26.854000	8601	8.537523	0.000000	58.747173	8.613955	57.867451	7.983031
0e7ca8ec-5f0f-446a-980c-5f69bfb7a5c2.fast5	0e7ca8ec-5f0f-446a-980c-5f69bfb7a5c2	82dc462fc1d07e69c1507ae16e46fb64f9ab6005	0	107	1	28453.385500	31.586500	31586	TRUE	28453.606500	31365	31.365500	13092	10.687051	0.000000	73.907738	8.441676	71.635292	9.408341
b884bfd1-2ef8-4dba-b646-729ba71a511d.fast5	b884bfd1-2ef8-4dba-b646-729ba71a511d	82dc462fc1d07e69c1507ae16e46fb64f9ab6005	0	264	1	48339.224250	12.328750	12328	TRUE	48339.264250	12288	12.288750	4328	11.848241	0.000000	72.357224	8.613955	71.605408	9.569959
b84398d3-7a36-4d64-9513-f491e70214d0.fast5	b84398d3-7a36-4d64-9513-f491e70214d0	82dc462fc1d07e69c1507ae16e46fb64f9ab6005	0	173	4	69335.289000	15.183750	15183	TRUE	69335.483000	14989	14.989750	4630	10.393209	0.000000	64.604668	9.992188	66.813126	8.951491
d91ea43d-b4d4-4ece-858a-823d0a2af7d3.fast5	d91ea43d-b4d4-4ece-858a-823d0a2af7d3	82dc462fc1d07e69c1507ae16e46fb64f9ab6005	0	93	2	8838.851500	22.932250	22932	TRUE	8839.353500	22430	22.430250	8462	9.119854	0.000000	72.529503	8.441676	70.721390	9.681321
ea7561d3-cc54-4477-a94e-a2e5fa8a7415.fast5	ea7561d3-cc54-4477-a94e-a2e5fa8a7415	82dc462fc1d07e69c1507ae16e46fb64f9ab6005	0	245	3	21962.196750	10.275250	10275	TRUE	21962.218750	10253	10.253250	4325	10.565749	0.000000	70.462151	8.269397	68.231255	9.393020
238162ac-2e4c-4e15-b030-48e8d839b604.fast5	238162ac-2e4c-4e15-b030-48e8d839b604	82dc462fc1d07e69c1507ae16e46fb64f9ab6005	0	42	1	43997.587750	13.021500	13021	TRUE	43997.661750	12947	12.947500	4515	10.950563	0.000000	63.915546	9.992188	67.099510	9.296913
201e2a29-e55d-47a8-b108-de14cdf4ae63.fast5	201e2a29-e55d-47a8-b108-de14cdf4ae63	82dc462fc1d07e69c1507ae16e46fb64f9ab6005	0	138	2	29008.858000	10.087500	10087	FALSE	29008.893000	10052	10.052500	4373	6.425151	0.000000	71.668106	9.992188	72.214935	9.767671
0b1e81b1-e2eb-46ff-aa27-a6e6e6147ff3.fast5	0b1e81b1-e2eb-46ff-aa27-a6e6e6147ff3	82dc462fc1d07e69c1507ae16e46fb64f9ab6005	0	480	3	51142.212000	13.564500	13564	TRUE	51142.289000	13487	13.487500	4380	11.013396	0.000000	67.361130	9.992188	70.277916	9.194137
7ccc4e89-3a8a-4d0f-9738-200d582a3569.fast5	7ccc4e89-3a8a-4d0f-9738-200d582a3569	82dc462fc1d07e69c1507ae16e46fb64f9ab6005	0	134	3	17166.749750	13.658250	13658	TRUE	17166.806750	13601	13.601250	4310	10.982714	0.000000	66.844292	9.992188	69.190567	9.064177
53c413b9-38ef-4b42-906f-bec32f704cc3.fast5	53c413b9-38ef-4b42-906f-bec32f704cc3	82dc462fc1d07e69c1507ae16e46fb64f9ab6005	0	492	1	39737.506000	12.423750	12423	TRUE	39737.616000	12313	12.313750	4474	11.469098	0.000000	72.184944	10.509026	74.966644	9.870225
275095c4-36c5-4907-8a4a-a00708901305.fast5	275095c4-36c5-4907-8a4a-a00708901305	82dc462fc1d07e69c1507ae16e46fb64f9ab6005	0	452	4	58491.031250	53.244750	53244	TRUE	58491.391250	52884	52.884750	17529	9.859946	0.000000	68.567085	8.613955	66.792038	9.606060
0514a8a9-36c3-4151-b63f-5e28ae500604.fast5	0514a8a9-36c3-4151-b63f-5e28ae500604	82dc462fc1d07e69c1507ae16e46fb64f9ab6005	0	460	1	35561.284750	12.655500	12655	TRUE	35561.641750	12298	12.298500	4345	10.842717	0.000000	68.739365	10.336746	69.435242	9.666242
91870b74-7ce7-4003-9e4a-4d6b1bae143f.fast5	91870b74-7ce7-4003-9e4a-4d6b1bae143f	82dc462fc1d07e69c1507ae16e46fb64f9ab6005	0	326	2	22692.456750	11.726250	11726	TRUE	22692.651750	11531	11.531250	4368	10.923437	0.000000	70.462151	10.509026	73.575363	10.376131
e53b9d32-f364-42d9-8434-3221d7527d1b.fast5	e53b9d32-f364-42d9-8434-3221d7527d1b	82dc462fc1d07e69c1507ae16e46fb64f9ab6005	0	476	2	25017.326000	23.200250	23200	TRUE	25017.344000	23182	23.182250	8663	10.092068	0.000000	69.428482	10.509026	72.507668	9.406845
0d3af573-e815-4ab5-8bff-f9a639cb8f0a.fast5	0d3af573-e815-4ab5-8bff-f9a639cb8f0a	82dc462fc1d07e69c1507ae16e46fb64f9ab6005	0	335	1	11365.875000	26.907500	26907	TRUE	11365.976000	26806	26.806500	9081	11.402291	0.000000	68.567085	9.819909	71.028488	9.415158
ca77fea0-5d75-4bb4-978c-6e8fd276e300.fast5	ca77fea0-5d75-4bb4-978c-6e8fd276e300	82dc462fc1d07e69c1507ae16e46fb64f9ab6005	0	475	3	45199.220500	21.385500	21385	TRUE	45199.389500	21216	21.216500	7687	7.516119	0.000000	70.117592	9.819909	66.675949	8.561529
6c895e4c-75a9-4c7a-b443-f26300cb2040.fast5	6c895e4c-75a9-4c7a-b443-f26300cb2040	82dc462fc1d07e69c1507ae16e46fb64f9ab6005	0	423	4	24727.106500	10.812250	10812	TRUE	24727.292500	10626	10.626250	4373	11.344776	0.000000	71.151268	8.269397	69.308357	9.318836
8eb1fed3-a88d-4eb0-b55c-94489cc8773a.fast5	8eb1fed3-a88d-4eb0-b55c-94489cc8773a	82dc462fc1d07e69c1507ae16e46fb64f9ab6005	0	473	3	53430.391000	45.418750	45418	TRUE	53430.455000	45354	45.354750	13404	10.623311	0.000000	69.945320	9.819909	72.056091	9.560804
b4fbb65a-dcb9-4b4e-b930-ea96b2d54e07.fast5	b4fbb65a-dcb9-4b4e-b930-ea96b2d54e07	82dc462fc1d07e69c1507ae16e46fb64f9ab6005	0	285	2	9612.852500	21.932500	21932	TRUE	9612.964500	21820	21.820500	8291	9.202666	0.000000	71.840385	9.303072	70.855766	9.402081
3d7624f2-14fd-416f-bfd0-659e72e80902.fast5	3d7624f2-14fd-416f-bfd0-659e72e80902	82dc462fc1d07e69c1507ae16e46fb64f9ab6005	0	216	1	99722.094000	12.456750	12456	TRUE	99722.278000	12272	12.272750	4380	10.328409	0.000000	64.604668	9.819909	66.820389	9.708241
841eac18-9d23-48a5-804d-1ce378332d37.fast5	841eac18-9d23-48a5-804d-1ce378332d37	82dc462fc1d07e69c1507ae16e46fb64f9ab6005	0	414	2	6140.580250	23.929000	23929	TRUE	6140.658250	23851	23.851000	8588	11.094413	0.000000	69.945320	10.681305	73.368103	9.324310
029654c8-d99c-4992-95d1-d706b81351ed.fast5	029654c8-d99c-4992-95d1-d706b81351ed	82dc462fc1d07e69c1507ae16e46fb64f9ab6005	0	18	3	49073.402500	26.234000	26234	TRUE	49073.823500	25813	25.813000	8889	10.094359	0.000000	72.874062	9.647630	72.894234	9.832415
8fe17451-3750-4063-8a07-1d6296b98a36.fast5	8fe17451-3750-4063-8a07-1d6296b98a36	82dc462fc1d07e69c1507ae16e46fb64f9ab6005	0	374	2	23649.814250	67.430000	67430	TRUE	23649.931250	67313	67.313000	26762	10.865443	0.000000	73.390900	9.130793	72.403915	10.055855
c54c7a0a-0349-4771-a28a-286df5400872.fast5	c54c7a0a-0349-4771-a28a-286df5400872	82dc462fc1d07e69c1507ae16e46fb64f9ab6005	0	359	1	109663.653500	12.258500	12258	TRUE	109663.800500	12111	12.111500	4261	10.189422	0.000000	75.458244	8.786234	72.189529	9.633544
5afb47bc-3de6-4ca2-bcf5-adcb76c247bd.fast5	5afb47bc-3de6-4ca2-bcf5-adcb76c247bd	82dc462fc1d07e69c1507ae16e46fb64f9ab6005	0	161	1	15857.572250	16.139500	16139	TRUE	15857.711250	16000	16.000500	4421	10.495180	0.000000	68.394806	10.336746	71.051559	9.098611
50395dc3-5efd-45d6-bce5-e48596a40f75.fast5	50395dc3-5efd-45d6-bce5-e48596a40f75	82dc462fc1d07e69c1507ae16e46fb64f9ab6005	0	507	2	93331.800250	12.376750	12376	TRUE	93331.842250	12334	12.334750	4462	11.164224	0.000000	83.555367	9.303072	83.569824	10.767694
64cf9a02-5d16-4573-8474-aeec33fc441b.fast5	64cf9a02-5d16-4573-8474-aeec33fc441b	82dc462fc1d07e69c1507ae16e46fb64f9ab6005	0	144	1	49544.756000	25.936750	25936	TRUE	49544.965000	25727	25.727750	8960	10.530374	0.000000	63.570988	8.613955	63.927197	8.539834
0d7eb256-6522-407d-bcd8-f722c66ac2ab.fast5	0d7eb256-6522-407d-bcd8-f722c66ac2ab	82dc462fc1d07e69c1507ae16e46fb64f9ab6005	0	501	3	80216.064250	15.610250	15610	TRUE	80216.119250	15555	15.555250	4428	9.418027	0.000000	71.495827	9.992188	73.857384	9.484446
54680c48-3819-499a-9a05-4821709f1dac.fast5	54680c48-3819-499a-9a05-4821709f1dac	82dc462fc1d07e69c1507ae16e46fb64f9ab6005	0	406	2	63612.948000	13.433000	13433	TRUE	63612.987000	13394	13.394000	4348	10.147297	0.000000	74.941414	10.853583	76.708649	9.646040
58eeae03-6f1f-4a69-a720-d0e87f29572e.fast5	58eeae03-6f1f-4a69-a720-d0e87f29572e	82dc462fc1d07e69c1507ae16e46fb64f9ab6005	0	225	2	24317.479750	11.189250	11189	TRUE	24317.673750	10995	10.995250	4327	10.252476	0.000000	76.664200	8.786234	74.572258	10.086825
8342a679-ad7f-4362-bbc9-ac847a0c7708.fast5	8342a679-ad7f-4362-bbc9-ac847a0c7708	82dc462fc1d07e69c1507ae16e46fb64f9ab6005	0	435	2	104505.860000	10.503250	10503	TRUE	104505.868000	10495	10.495250	4094	10.587313	0.000000	83.555367	9.819909	81.438957	10.623217
2f06640d-2b41-4464-aaf4-ad7ce296b9cf.fast5	2f06640d-2b41-4464-aaf4-ad7ce296b9cf	82dc462fc1d07e69c1507ae16e46fb64f9ab6005	0	422	1	97889.569000	16.690000	16690	TRUE	97889.620000	16639	16.639000	4366	10.954019	0.000000	60.125408	9.647630	64.071693	8.507266
eb452a8d-a277-4347-ada7-d80efa774d39.fast5	eb452a8d-a277-4347-ada7-d80efa774d39	82dc462fc1d07e69c1507ae16e46fb64f9ab6005	0	79	3	67152.537750	21.941000	21941	TRUE	67152.751750	21727	21.727000	7308	8.006567	0.000000	72.529503	8.958513	70.209991	8.931203
0742fa44-908d-4a3c-a9af-cadcadc1591f.fast5	0742fa44-908d-4a3c-a9af-cadcadc1591f	82dc462fc1d07e69c1507ae16e46fb64f9ab6005	0	134	3	12940.884500	13.398000	13398	TRUE	12940.931500	13351	13.351000	4422	11.969780	0.000000	67.877968	10.164467	69.609886	9.556251
7c661c4e-f65d-4bc2-8072-ac1219671dcf.fast5	7c661c4e-f65d-4bc2-8072-ac1219671dcf	82dc462fc1d07e69c1507ae16e46fb64f9ab6005	0	126	4	34184.280250	13.842500	13842	TRUE	34184.333250	13789	13.789500	4380	9.195552	0.000000	71.323547	8.613955	68.977928	8.975740
0146a02d-60d0-4476-996d-32bdf559c19e.fast5	0146a02d-60d0-4476-996d-32bdf559c19e	82dc462fc1d07e69c1507ae16e46fb64f9ab6005	0	230	2	26860.030750	11.318500	11318	TRUE	26860.129750	11219	11.219500	4347	10.622540	0.000000	66.672012	10.336746	69.968086	9.552799
49667fc7-3a9f-41de-b9eb-ca682e1a4935.fast5	49667fc7-3a9f-41de-b9eb-ca682e1a4935	82dc462fc1d07e69c1507ae16e46fb64f9ab6005	0	235	3	32534.902250	22.312750	22312	TRUE	32534.997250	22217	22.217750	8874	11.129590	0.000000	70.978989	8.441676	70.054520	9.565421
8fa72930-ea53-47ef-a1a1-e547f44edc71.fast5	8fa72930-ea53-47ef-a1a1-e547f44edc71	82dc462fc1d07e69c1507ae16e46fb64f9ab6005	0	27	2	8806.025750	36.383750	36383	TRUE	8806.248750	36160	36.160750	13181	9.835896	0.000000	71.495827	9.819909	72.327866	9.842519
44cb49c9-7afa-433d-a65f-4e956be419aa.fast5	44cb49c9-7afa-433d-a65f-4e956be419aa	82dc462fc1d07e69c1507ae16e46fb64f9ab6005	0	414	2	6594.506000	11.330000	11330	TRUE	6594.644000	11192	11.192000	4291	10.354899	0.000000	75.113693	8.613955	72.537621	9.312726
ac92adbc-a982-476a-b030-2d2f79c91b0d.fast5	ac92adbc-a982-476a-b030-2d2f79c91b0d	82dc462fc1d07e69c1507ae16e46fb64f9ab6005	0	12	2	47516.982750	12.087000	12087	TRUE	47517.089750	11980	11.980000	4295	11.231502	0.000000	75.458244	8.958513	71.980949	9.644828
cfadf7dc-e135-4d03-9809-2df36ef5877e.fast5	cfadf7dc-e135-4d03-9809-2df36ef5877e	82dc462fc1d07e69c1507ae16e46fb64f9ab6005	0	487	3	19123.679250	10.668250	10668	TRUE	19123.734250	10613	10.613250	4422	10.160440	0.000000	72.357224	7.924839	72.251511	9.515100
0fcf97d8-f866-4dad-8775-f99f2b7c0f4a.fast5	0fcf97d8-f866-4dad-8775-f99f2b7c0f4a	82dc462fc1d07e69c1507ae16e46fb64f9ab6005	0	158	4	43374.790250	25.290250	25290	TRUE	43375.436250	24644	24.644250	8623	9.547668	0.000000	67.016571	8.958513	66.149887	9.331683
a1d2e1a4-7b53-4992-b5c3-72c941310a8f.fast5	a1d2e1a4-7b53-4992-b5c3-72c941310a8f	82dc462fc1d07e69c1507ae16e46fb64f9ab6005	0	160	2	28196.662500	12.545000	12545	TRUE	28196.726500	12481	12.481000	4569	10.397424	0.000000	70.978989	10.336746	73.156647	10.251808
995524f3-3930-470f-978e-960826fe87b0.fast5	995524f3-3930-470f-978e-960826fe87b0	82dc462fc1d07e69c1507ae16e46fb64f9ab6005	0	238	3	19196.226500	10.581500	10581	TRUE	19196.417500	10390	10.390500	4329	10.090901	0.000000	66.327454	9.992188	68.715561	9.093887
c25c3ca2-7eac-4eb9-a0eb-b03bb5eeaf82.fast5	c25c3ca2-7eac-4eb9-a0eb-b03bb5eeaf82	82dc462fc1d07e69c1507ae16e46fb64f9ab6005	0	215	4	73229.036250	15.292750	15292	TRUE	73229.276250	15052	15.052750	4587	11.403569	0.000000	63.226433	7.752560	62.951794	8.351750
95bed1a4-dde3-49ee-a031-6a7cdffdb124.fast5	95bed1a4-dde3-49ee-a031-6a7cdffdb124	82dc462fc1d07e69c1507ae16e46fb64f9ab6005	0	291	1	81895.762500	13.954250	13954	FALSE	81895.834500	13882	13.882250	4570	6.555134	0.000000	74.596855	8.613955	75.436470	10.462657
40a1b75f-434e-40e5-a7bf-c1969db6503e.fast5	40a1b75f-434e-40e5-a7bf-c1969db6503e	82dc462fc1d07e69c1507ae16e46fb64f9ab6005	0	83	3	22879.189000	10.469000	10469	TRUE	22879.215000	10443	10.443000	4472	8.727912	0.000000	76.491920	8.269397	76.086517	9.756573
922f5425-a440-43a3-97a8-526649530b64.fast5	922f5425-a440-43a3-97a8-526649530b64	82dc462fc1d07e69c1507ae16e46fb64f9ab6005	0	241	4	45726.449250	11.988750	11988	TRUE	45726.479250	11958	11.958750	4388	11.184051	0.000000	77.181038	8.958513	76.710403	10.253223
cb9b9b0a-d031-46fd-ae2d-d36e2d37bf96.fast5	cb9b9b0a-d031-46fd-ae2d-d36e2d37bf96	82dc462fc1d07e69c1507ae16e46fb64f9ab6005	0	213	1	20573.345000	41.075000	41075	TRUE	20573.345000	41075	41.075000	14879	9.384850	0.000000	67.361130	10.164467	66.761345	8.983140
b36dbb87-0799-4eb2-9339-9dde845bf225.fast5	b36dbb87-0799-4eb2-9339-9dde845bf225	82dc462fc1d07e69c1507ae16e46fb64f9ab6005	0	127	2	71737.522250	16.821750	16821	TRUE	71737.600250	16743	16.743750	4588	10.424637	0.000000	72.357224	10.336746	74.152534	10.042854
9dc25a1d-b86a-4308-afba-06fb4c672568.fast5	9dc25a1d-b86a-4308-afba-06fb4c672568	82dc462fc1d07e69c1507ae16e46fb64f9ab6005	0	224	2	2776.369750	33.216750	33216	TRUE	2776.466750	33119	33.119750	12978	10.332814	0.000000	70.462151	9.992188	72.388420	9.811812
7199f363-d549-4ef2-9998-0201ad70a571.fast5	7199f363-d549-4ef2-9998-0201ad70a571	82dc462fc1d07e69c1507ae16e46fb64f9ab6005	0	426	1	59410.808250	45.300000	45300	TRUE	59410.878250	45230	45.230000	15432	8.212033	0.000000	75.630524	8.613955	75.218048	10.463946
399cca22-068a-4b68-8d93-4abf833d33de.fast5	399cca22-068a-4b68-8d93-4abf833d33de	82dc462fc1d07e69c1507ae16e46fb64f9ab6005	0	255	2	37837.936250	23.743500	23743	TRUE	37838.104250	23575	23.575500	8579	9.679267	0.000000	68.050247	9.475350	67.416374	9.001090
7500d5b0-c8d7-43fd-859d-9eddf6d1b502.fast5	7500d5b0-c8d7-43fd-859d-9eddf6d1b502	82dc462fc1d07e69c1507ae16e46fb64f9ab6005	0	345	4	7157.237750	11.183000	11183	TRUE	7157.540750	10880	10.880000	4348	9.260674	0.000000	72.701782	10.336746	70.720779	9.747686
ac1e4daa-0b21-4a4f-a6e6-eede8c4b1f37.fast5	ac1e4daa-0b21-4a4f-a6e6-eede8c4b1f37	82dc462fc1d07e69c1507ae16e46fb64f9ab6005	0	249	4	57622.052250	28.383750	28383	TRUE	57622.218250	28217	28.217750	8981	10.587993	0.000000	73.907738	10.681305	76.315605	9.652636
50739f20-fdd8-47fd-af32-17cb185e206c.fast5	50739f20-fdd8-47fd-af32-17cb185e206c	82dc462fc1d07e69c1507ae16e46fb64f9ab6005	0	91	4	27298.922500	10.747750	10747	TRUE	27298.949500	10720	10.720750	4441	9.618940	0.000000	69.083923	8.269397	68.700951	8.921037
a976bc83-f2d3-418f-9c1a-08d7b07c01f4.fast5	a976bc83-f2d3-418f-9c1a-08d7b07c01f4	82dc462fc1d07e69c1507ae16e46fb64f9ab6005	0	480	4	43315.922250	24.935250	24935	TRUE	43315.954250	24903	24.903250	8850	10.354527	0.000000	65.810616	9.819909	68.425766	8.813250
6f5b5f9a-4603-44f8-a6bb-fa9de1699aaa.fast5	6f5b5f9a-4603-44f8-a6bb-fa9de1699aaa	82dc462fc1d07e69c1507ae16e46fb64f9ab6005	0	387	3	27504.858000	11.572500	11572	TRUE	27505.025000	11405	11.405500	4255	10.544241	0.000000	64.087830	9.819909	66.219444	8.625983
24f38344-621b-455e-846f-b3e739e6020c.fast5	24f38344-621b-455e-846f-b3e739e6020c	82dc462fc1d07e69c1507ae16e46fb64f9ab6005	0	69	2	3162.129250	11.999750	11999	TRUE	3162.289250	11839	11.839750	4303	10.161369	0.000000	74.424576	8.441676	71.475777	9.679366
e2b2e8e6-ebca-488c-b6c5-8e6b39323dd6.fast5	e2b2e8e6-ebca-488c-b6c5-8e6b39323dd6	82dc462fc1d07e69c1507ae16e46fb64f9ab6005	0	336	3	41820.806000	34.524500	34524	TRUE	41821.165000	34165	34.165500	13290	9.512667	0.000000	67.877968	9.303072	70.026764	8.877752
19b7e2ad-901c-4f4a-a1d5-fc5915f28dfe.fast5	19b7e2ad-901c-4f4a-a1d5-fc5915f28dfe	82dc462fc1d07e69c1507ae16e46fb64f9ab6005	0	357	3	31867.297250	36.433500	36433	TRUE	31867.743250	35987	35.987500	13353	10.884806	0.000000	66.155174	9.992188	70.420547	9.000446
1d3c0518-8a60-425f-967a-b59d1eea43f5.fast5	1d3c0518-8a60-425f-967a-b59d1eea43f5	82dc462fc1d07e69c1507ae16e46fb64f9ab6005	0	369	4	102510.709250	23.803500	23803	TRUE	102510.866250	23646	23.646500	8541	8.854225	0.000000	70.806709	9.819909	69.181427	9.547428
50c36694-f8d4-4c02-880f-b63660b4bf49.fast5	50c36694-f8d4-4c02-880f-b63660b4bf49	82dc462fc1d07e69c1507ae16e46fb64f9ab6005	0	118	1	47433.834750	24.435500	24435	TRUE	47434.073750	24196	24.196500	8825	9.730454	0.000000	71.151268	9.475350	70.507980	9.244574
8316abe5-9c15-4220-8334-9a88904a0be5.fast5	8316abe5-9c15-4220-8334-9a88904a0be5	82dc462fc1d07e69c1507ae16e46fb64f9ab6005	0	397	1	92222.288250	11.301250	11301	TRUE	92222.376250	11213	11.213250	4434	10.773111	0.000000	76.319641	8.958513	75.844795	9.460026
3da73011-8d4a-4d5b-8551-c2acafaec2f4.fast5	3da73011-8d4a-4d5b-8551-c2acafaec2f4	82dc462fc1d07e69c1507ae16e46fb64f9ab6005	0	19	3	15337.019500	54.690750	54690	TRUE	15337.148500	54561	54.561750	18005	11.047389	0.000000	67.533409	10.164467	69.639694	9.360296
66b0449f-5c3c-47b4-8827-31e12dd0a7be.fast5	66b0449f-5c3c-47b4-8827-31e12dd0a7be	82dc462fc1d07e69c1507ae16e46fb64f9ab6005	0	71	1	31323.421750	10.660000	10660	TRUE	31323.468750	10613	10.613000	4491	8.537768	0.000000	70.634430	8.269397	68.113029	9.138801
4bb94817-321e-4095-b80c-13c75192eca1.fast5	4bb94817-321e-4095-b80c-13c75192eca1	82dc462fc1d07e69c1507ae16e46fb64f9ab6005	0	508	1	118599.765000	13.942250	13942	TRUE	118599.791000	13916	13.916250	4346	11.084651	0.000000	73.907738	11.025863	76.270500	9.549919
2d89fdc3-e6ed-4211-87a6-4e5034b30483.fast5	2d89fdc3-e6ed-4211-87a6-4e5034b30483	82dc462fc1d07e69c1507ae16e46fb64f9ab6005	0	441	4	107042.322250	11.852500	11852	TRUE	107042.353250	11821	11.821500	4325	10.102654	0.000000	80.971176	9.303072	78.806824	9.911937
aca5655f-1668-4f8d-b531-79445221280d.fast5	aca5655f-1668-4f8d-b531-79445221280d	82dc462fc1d07e69c1507ae16e46fb64f9ab6005	0	475	4	13138.169000	13.060500	13060	TRUE	13138.217000	13012	13.012500	4405	11.710255	0.000000	73.735458	8.441676	72.537964	9.829541
f837af2d-2306-455e-9ea1-6002b08a4d1c.fast5	f837af2d-2306-455e-9ea1-6002b08a4d1c	82dc462fc1d07e69c1507ae16e46fb64f9ab6005	0	512	1	35804.243500	43.546750	43546	TRUE	35804.298500	43491	43.491750	17371	10.141944	0.000000	70.978989	8.958513	70.127480	9.604801
dc3426e8-d00d-42f2-a5dc-b952123747b7.fast5	dc3426e8-d00d-42f2-a5dc-b952123747b7	82dc462fc1d07e69c1507ae16e46fb64f9ab6005	0	282	1	58449.776250	12.434000	12434	TRUE	58449.953250	12257	12.257000	4345	9.172482	0.000000	81.143456	9.130793	78.470772	9.732941
561e15c1-9933-49d6-9808-a152b2672c26.fast5	561e15c1-9933-49d6-9808-a152b2672c26	82dc462fc1d07e69c1507ae16e46fb64f9ab6005	0	78	2	6352.299500	33.766500	33766	TRUE	6352.412500	33653	33.653500	13102	10.840814	0.000000	72.874062	8.441676	71.642258	9.509880
cabe44a8-021b-4c0f-92c7-9e79e58bbfa9.fast5	cabe44a8-021b-4c0f-92c7-9e79e58bbfa9	82dc462fc1d07e69c1507ae16e46fb64f9ab6005	0	461	3	44608.077750	12.232500	12232	TRUE	44608.197750	12112	12.112500	4338	11.770494	0.000000	70.117592	8.269397	68.546173	8.938919
91860c58-5acb-40e4-be56-6e36b9ddaf7a.fast5	91860c58-5acb-40e4-be56-6e36b9ddaf7a	82dc462fc1d07e69c1507ae16e46fb64f9ab6005	0	277	1	7413.637250	33.357000	33357	TRUE	7413.810250	33184	33.184000	12890	9.997169	0.000000	72.874062	9.475350	72.061035	9.279893
3be2d4c5-f43b-45f2-8c03-b4818ee924e1.fast5	3be2d4c5-f43b-45f2-8c03-b4818ee924e1	82dc462fc1d07e69c1507ae16e46fb64f9ab6005	0	423	4	9716.964500	13.008250	13008	TRUE	9717.361500	12611	12.611250	4575	11.422020	0.000000	69.945320	8.269397	67.786140	8.998966
5d3f01da-d014-49a7-b951-d2b544d3fdf1.fast5	5d3f01da-d014-49a7-b951-d2b544d3fdf1	82dc462fc1d07e69c1507ae16e46fb64f9ab6005	0	353	3	48785.196250	12.531250	12531	TRUE	48785.375250	12352	12.352250	4404	11.547659	0.000000	74.424576	8.613955	72.281631	9.360245
2ff43789-e2ec-4370-82bf-a5c7eff99c64.fast5	2ff43789-e2ec-4370-82bf-a5c7eff99c64	82dc462fc1d07e69c1507ae16e46fb64f9ab6005	0	476	4	44448.383750	53.160500	53160	TRUE	44448.467750	53076	53.076500	17852	11.344985	0.000000	69.083923	10.336746	73.786026	9.539947
9dbce1e3-a46e-41c6-bcfd-85cf8aff4b88.fast5	9dbce1e3-a46e-41c6-bcfd-85cf8aff4b88	82dc462fc1d07e69c1507ae16e46fb64f9ab6005	0	116	1	65238.742500	12.738750	12738	TRUE	65238.900500	12580	12.580750	4499	8.097264	0.000000	70.289871	8.269397	68.880379	8.991647
1cdabab0-fedb-49b5-8aaf-bb410bcc5198.fast5	1cdabab0-fedb-49b5-8aaf-bb410bcc5198	82dc462fc1d07e69c1507ae16e46fb64f9ab6005	0	79	1	34181.579750	72.269500	72269	TRUE	34181.848750	72000	72.000500	26868	10.704854	0.000000	68.222527	10.164467	70.001923	9.162789
b5c27287-fa7f-48b5-8e3c-1dc738f675ab.fast5	b5c27287-fa7f-48b5-8e3c-1dc738f675ab	82dc462fc1d07e69c1507ae16e46fb64f9ab6005	0	472	4	47213.167000	39.856250	39856	TRUE	47213.254000	39769	39.769250	13626	10.958191	0.000000	65.638336	9.819909	67.276299	8.950864
b2b738d9-a296-4e94-80c2-1978fb6a9957.fast5	b2b738d9-a296-4e94-80c2-1978fb6a9957	82dc462fc1d07e69c1507ae16e46fb64f9ab6005	0	199	4	92458.841750	11.686000	11686	TRUE	92458.940750	11587	11.587000	4542	10.740790	0.000000	73.735458	8.613955	70.098930	9.111806
399166b4-d062-4377-bae6-aaadd19865f8.fast5	399166b4-d062-4377-bae6-aaadd19865f8	82dc462fc1d07e69c1507ae16e46fb64f9ab6005	0	236	4	6006.599250	11.518500	11518	TRUE	6006.697250	11420	11.420500	4281	11.512285	0.000000	75.285965	8.613955	72.380135	9.287848
ac7e30c1-3814-43c2-9975-2675fda188aa.fast5	ac7e30c1-3814-43c2-9975-2675fda188aa	82dc462fc1d07e69c1507ae16e46fb64f9ab6005	0	241	3	61202.516500	14.625750	14625	TRUE	61202.629500	14512	14.512750	4412	10.978506	0.000000	72.357224	10.853583	74.721466	9.975024
d8b08489-2e85-4778-9456-5a9d4b319dd0.fast5	d8b08489-2e85-4778-9456-5a9d4b319dd0	82dc462fc1d07e69c1507ae16e46fb64f9ab6005	0	31	4	10393.841250	12.447750	12447	TRUE	10393.937250	12351	12.351750	4429	10.189152	0.000000	66.844292	10.164467	68.417450	9.023398
b82f5381-0828-41c0-acc1-2de0d188ab26.fast5	b82f5381-0828-41c0-acc1-2de0d188ab26	82dc462fc1d07e69c1507ae16e46fb64f9ab6005	0	233	2	31737.529500	34.348000	34348	TRUE	31737.635500	34242	34.242000	13324	11.031144	0.000000	73.907738	9.475350	73.372902	9.568697
6bc63f26-ea7c-45be-86ad-bc8aaf899da0.fast5	6bc63f26-ea7c-45be-86ad-bc8aaf899da0	82dc462fc1d07e69c1507ae16e46fb64f9ab6005	0	441	3	137463.177000	12.304500	12304	TRUE	137463.187000	12294	12.294500	4396	9.839559	0.000000	91.824760	10.164467	89.126991	10.906644
c0fa0d68-f54e-4821-97ac-ec63c86efd94.fast5	c0fa0d68-f54e-4821-97ac-ec63c86efd94	82dc462fc1d07e69c1507ae16e46fb64f9ab6005	0	508	4	2537.110750	11.244250	11244	TRUE	2537.254750	11100	11.100250	4300	9.679713	0.000000	68.050247	10.336746	70.373016	9.590605
fd136872-5fae-4047-af64-4ecaa8e32663.fast5	fd136872-5fae-4047-af64-4ecaa8e32663	82dc462fc1d07e69c1507ae16e46fb64f9ab6005	0	396	4	9427.982750	23.901500	23901	TRUE	9428.060750	23823	23.823500	8765	10.984494	0.000000	71.668106	8.441676	69.278549	8.950202
1a19950f-62cf-4168-bb01-6d69122a5275.fast5	1a19950f-62cf-4168-bb01-6d69122a5275	82dc462fc1d07e69c1507ae16e46fb64f9ab6005	0	185	4	3968.863500	34.997500	34997	TRUE	3968.905500	34955	34.955500	13378	10.526509	0.000000	72.529503	9.303072	71.420181	9.346962
3e9e6a56-e6fd-4b31-b4ff-a9ee477d94a3.fast5	3e9e6a56-e6fd-4b31-b4ff-a9ee477d94a3	82dc462fc1d07e69c1507ae16e46fb64f9ab6005	0	350	1	40270.438750	20.316250	20316	TRUE	40270.605750	20149	20.149250	4401	11.626568	0.000000	77.008759	8.786234	76.175560	9.506965
d96228b1-2747-4aa4-a591-3121a5bfae0a.fast5	d96228b1-2747-4aa4-a591-3121a5bfae0a	82dc462fc1d07e69c1507ae16e46fb64f9ab6005	0	320	1	70929.740500	10.850250	10850	TRUE	70929.764500	10826	10.826250	4412	8.294410	0.000000	74.941414	8.786234	74.495094	9.594893
e450474c-1cd7-4067-8c49-806db70157cf.fast5	e450474c-1cd7-4067-8c49-806db70157cf	82dc462fc1d07e69c1507ae16e46fb64f9ab6005	0	413	1	16926.562000	40.118000	40118	TRUE	16926.661000	40019	40.019000	8959	10.880108	0.000000	68.739365	10.336746	69.813454	9.191046
b6079ba1-349c-42ff-8701-139361380dcc.fast5	b6079ba1-349c-42ff-8701-139361380dcc	82dc462fc1d07e69c1507ae16e46fb64f9ab6005	0	65	1	35910.802000	12.285250	12285	TRUE	35910.860000	12227	12.227250	4406	9.942515	0.000000	68.050247	10.336746	70.492851	9.778584
47fae97b-78f9-4e3a-95a2-6c46bbee274d.fast5	47fae97b-78f9-4e3a-95a2-6c46bbee274d	82dc462fc1d07e69c1507ae16e46fb64f9ab6005	0	397	1	20831.640000	14.473250	14473	TRUE	20831.640000	14473	14.473250	5627	10.646648	0.000000	69.600761	10.336746	70.043198	9.028352
26bd1ec8-909e-4f50-ad65-71be6e879642.fast5	26bd1ec8-909e-4f50-ad65-71be6e879642	82dc462fc1d07e69c1507ae16e46fb64f9ab6005	0	203	2	10083.821250	65.760250	65760	TRUE	10084.114250	65467	65.467250	22427	10.721552	0.000000	70.978989	10.164467	72.483406	9.150077
0bcc7dce-91df-4b4b-8e5b-6f5062a97d67.fast5	0bcc7dce-91df-4b4b-8e5b-6f5062a97d67	82dc462fc1d07e69c1507ae16e46fb64f9ab6005	0	422	1	35064.215500	23.033500	23033	TRUE	35064.683500	22565	22.565500	9115	11.316196	0.000000	64.432388	9.992188	67.019920	8.936628
14d5cd99-7b1d-46b5-8df8-7c01d0f14673.fast5	14d5cd99-7b1d-46b5-8df8-7c01d0f14673	82dc462fc1d07e69c1507ae16e46fb64f9ab6005	0	443	2	91358.167750	13.509500	13509	TRUE	91358.301750	13375	13.375500	4582	11.682139	0.000000	74.941414	8.958513	73.505615	9.042777
de16ef8e-dae4-4b65-89fd-c55b874df901.fast5	de16ef8e-dae4-4b65-89fd-c55b874df901	82dc462fc1d07e69c1507ae16e46fb64f9ab6005	0	270	4	64729.149000	13.484250	13484	TRUE	64729.169000	13464	13.464250	4378	10.630158	0.000000	65.466057	9.992188	68.565460	8.867089
1b071aee-ee26-4973-aa54-c97bb5049761.fast5	1b071aee-ee26-4973-aa54-c97bb5049761	82dc462fc1d07e69c1507ae16e46fb64f9ab6005	0	286	3	59777.647750	14.245750	14245	TRUE	59777.865750	14027	14.027750	4476	10.939974	0.000000	69.773041	10.336746	72.462875	9.457385
0630cb15-274e-44d1-8ea3-a931caa64c30.fast5	0630cb15-274e-44d1-8ea3-a931caa64c30	82dc462fc1d07e69c1507ae16e46fb64f9ab6005	0	498	1	49316.083250	13.138000	13138	TRUE	49316.301250	12920	12.920000	4415	11.002602	0.000000	73.735458	8.613955	72.312828	9.316971
943fa916-8ea9-4949-bb14-7d737e5c4c95.fast5	943fa916-8ea9-4949-bb14-7d737e5c4c95	82dc462fc1d07e69c1507ae16e46fb64f9ab6005	0	96	2	1472.680250	55.259500	55259	FALSE	1473.886250	54053	54.053500	22279	6.308450	0.000000	72.701782	8.958513	116.247726	13.422138
bede145f-8366-4146-8162-5990b4444e1a.fast5	bede145f-8366-4146-8162-5990b4444e1a	82dc462fc1d07e69c1507ae16e46fb64f9ab6005	0	157	3	62893.488500	27.725500	27725	TRUE	62893.552500	27661	27.661500	8869	9.612445	0.000000	64.260109	8.786234	66.737755	9.031317
25b28afc-b437-47b3-8e58-e1be1279fa21.fast5	25b28afc-b437-47b3-8e58-e1be1279fa21	82dc462fc1d07e69c1507ae16e46fb64f9ab6005	0	194	2	3776.072500	10.221750	10221	TRUE	3776.149500	10144	10.144750	4256	10.426164	0.000000	74.424576	8.786234	73.267906	9.741139
7eb4336b-1cc7-4bbb-a445-396e7d108439.fast5	7eb4336b-1cc7-4bbb-a445-396e7d108439	82dc462fc1d07e69c1507ae16e46fb64f9ab6005	0	168	2	29344.181750	23.242000	23242	TRUE	29344.203750	23220	23.220000	8987	10.695775	0.000000	66.327454	9.992188	69.245064	9.218219
01c33d74-8d60-4a7b-967a-ebdbd685aba3.fast5	01c33d74-8d60-4a7b-967a-ebdbd685aba3	82dc462fc1d07e69c1507ae16e46fb64f9ab6005	0	57	3	54240.791000	14.808000	14808	TRUE	54240.947000	14652	14.652000	4442	10.555411	0.000000	70.806709	10.509026	72.583015	9.150151
faa6479c-3579-4137-9e91-9535c58155e0.fast5	faa6479c-3579-4137-9e91-9535c58155e0	82dc462fc1d07e69c1507ae16e46fb64f9ab6005	0	183	3	50301.571000	13.845750	13845	TRUE	50301.647000	13769	13.769750	4402	10.703676	0.000000	68.567085	10.336746	70.767067	9.428862
4a7d507f-64f2-4ce5-9cf0-fc2bcced2327.fast5	4a7d507f-64f2-4ce5-9cf0-fc2bcced2327	82dc462fc1d07e69c1507ae16e46fb64f9ab6005	0	488	2	112254.260000	13.791000	13791	TRUE	112254.506000	13545	13.545000	4352	10.285830	0.000000	70.978989	10.509026	73.052422	9.862308
f999942a-8113-40fe-b54f-1d804cf91af4.fast5	f999942a-8113-40fe-b54f-1d804cf91af4	82dc462fc1d07e69c1507ae16e46fb64f9ab6005	0	115	2	47359.220250	15.775000	15775	TRUE	47359.414250	15581	15.581000	4601	11.421711	0.000000	71.495827	8.441676	70.021622	9.057019
68f8f227-ad47-4bcd-9a79-de282ca5f960.fast5	68f8f227-ad47-4bcd-9a79-de282ca5f960	82dc462fc1d07e69c1507ae16e46fb64f9ab6005	0	333	3	39225.320750	24.360000	24360	TRUE	39225.385750	24295	24.295000	8546	10.923338	0.000000	71.495827	10.509026	74.673241	9.505607
6aef41ea-7573-4b88-b85c-6c9e592e6145.fast5	6aef41ea-7573-4b88-b85c-6c9e592e6145	82dc462fc1d07e69c1507ae16e46fb64f9ab6005	0	277	1	21714.085750	11.373500	11373	TRUE	21714.212750	11246	11.246500	4356	10.934206	0.000000	65.293777	9.819909	67.278862	8.500442
fbdbd8ea-b649-450b-9e0c-a6afe10d2a0a.fast5	fbdbd8ea-b649-450b-9e0c-a6afe10d2a0a	82dc462fc1d07e69c1507ae16e46fb64f9ab6005	0	105	3	52573.263000	13.089500	13089	TRUE	52573.607000	12745	12.745500	4313	10.672364	0.000000	77.697876	9.475350	75.043900	10.235791
9626fa94-e60a-47c1-be15-a2388f5b97cf.fast5	9626fa94-e60a-47c1-be15-a2388f5b97cf	82dc462fc1d07e69c1507ae16e46fb64f9ab6005	0	500	3	50307.942000	17.925500	17925	TRUE	50307.996000	17871	17.871500	4371	11.385661	0.000000	72.357224	10.681305	75.474754	9.941483
1b1c5d87-bf60-4c21-bb56-f8e6d4c313af.fast5	1b1c5d87-bf60-4c21-bb56-f8e6d4c313af	82dc462fc1d07e69c1507ae16e46fb64f9ab6005	0	435	2	104492.746500	12.784000	12784	TRUE	104492.822500	12708	12.708000	4357	11.334929	0.000000	78.559273	11.198142	81.397606	10.459933
78099c88-74c3-483d-bb4e-58258a76f3b6.fast5	78099c88-74c3-483d-bb4e-58258a76f3b6	82dc462fc1d07e69c1507ae16e46fb64f9ab6005	0	462	1	36995.803250	24.684250	24684	TRUE	36995.824250	24663	24.663250	8982	11.160032	0.000000	69.773041	10.509026	71.348495	9.882571
